HFD-5-Fungi-3-1	SD-8-Fungi-2-2	HFD-7-Fungi-2-2	chow-SD-Fungi-3-1	HFD-7-Fungi-1-2	HFD-5-Fungi-2-2	HFD-5-Fungi-3-2	SD-9-Fungi-3-2	SD-9-Fungi-3-1	SD-3-Fungi-3-2	HFD-1-Fungi-1-2	SD-8-Fungi-2-1	SD-8-Fungi-1-1	SD-7-Fungi-1-1	HFD-9-Fungi-2-2	HFD-9-Fungi-3-1	SD-2-Fungi-3-1	HFD-4-Fungi-3-1	SD-9-Fungi-1-2	HFD-8-Fungi-2-2	SD-3-Fungi-3-1	HFD-7-Fungi-1-1	SD-3-Fungi-2-2	SD-2-Fungi-2-1	HFD-6-Fungi-3-1	HFD-9-Fungi-2-1	HFD-5-Fungi-2-1	SD-9-Fungi-2-1	SD-1-Fungi-1-1	HFD-9-Fungi-1-2	HFD-3-Fungi-2-1	HFD-7-Fungi-3-1	SD-2-Fungi-1-2	HFD-6-Fungi-1-2	chow-SD-Fungi-2-1	SD-7-Fungi-3-1	SD-2-Fungi-1-1	HFD-6-Fungi-3-2	SD-8-Fungi-1-2
OTU_37	84	0	5	0	4	451	35	9	10	54	12	0	0	111	0	3	3	27	6	4	67	39	1	14	1	0	449	0	67	0	14	7	8	0	0	26	16	0	0
OTU_113	76	0	133	0	48	451	101	9	1	59	14	0	0	9	0	1	3	27	9	113	24	39	29	14	0	0	400	0	67	0	1	7	18	0	0	0	15	2	1
OTU_26	93	0	0	13440	0	457	34	7	13	29	2	0	0	0	15	7	12	34	33	4	32	0	0	9	0	373	494	27	6	0	0	1	1	0	4045	23	0	0	0
OTU_16	187	154	532	15	435	657	10	25	1102	29	187	665	12	538	158	115	498	2288	969	417	1108	867	135	915	162	131	782	464	339	93	265	51	298	341	18	568	264	10	13
OTU_10	64	0	0	10	0	562	48	1	0	6	0	0	0	16	0	0	5	4	0	127	9	0	0	14	1	0	569	0	4	0	33	1	0	13	3	20	0	2	0
OTU_9	64	0	0	10	0	562	48	1	0	6	0	0	0	16	0	0	5	4	0	127	9	0	0	14	1	0	570	0	4	0	33	1	0	13	3	20	0	2	0
OTU_90	40	0	0	1933	0	114	10	1	1	15	0	0	0	4	0	9	0	0	1	13	20	2	0	41	37	0	133	0	56	0	22	1	1	19	1087	17	1	5	0
OTU_19	36	1	1	1863	0	118	41	2	0	20	0	0	0	1	0	1	0	0	2	408	8	2	0	41	8	0	119	0	56	0	4	1	1	39	1044	8	1	32	0
OTU_232	140	0	4	63	0	0	252	6	10	293	1	1	1	148	1	1	45	21	0	11	318	62	0	41	7	17	747	3	182	0	21	3	0	0	17	94	32	15	0
OTU_11	187	0	0	952	5	2070	88	14	22	598	13	10	2	255	1	19	199	28	55	33	588	53	3	180	13	53	1326	16	318	3	38	6	121	46	130	137	144	6	3
OTU_50	238	11	18	878	40	1325	205	16	3	601	15	4	1	29	47	13	230	27	72	1204	188	111	125	210	5	16	1510	0	492	20	6	8	147	47	111	24	169	13	4
OTU_7	273	1	0	71630	0	1706	95	101	92	365	1	13	0	345	0	0	68	19	301	13	324	0	5	42	17	0	1716	176	219	1	56	1	20	22	33243	232	41	9	0
OTU_30	99	1	0	10	2	393	25	1	5	27	6	0	1	66	0	2	22	37	0	1	47	11	1	86	0	0	383	1	204	0	18	5	34	5	5	27	53	0	0
OTU_58	57	1	1	10	10	393	98	2	0	59	6	0	0	11	0	1	21	36	0	49	14	11	17	85	0	0	209	0	204	0	3	5	63	6	5	5	52	1	0
OTU_289	92	19	0	9177	0	0	3	0	38	0	0	15	1	351	0	12	39	303	10	0	174	0	147	43	0	0	407	59	111	0	8	0	2	0	1890	150	15	0	0
OTU_12	300	1	2	5092	3	1669	119	67	47	429	5	41	0	221	0	9	155	100	154	93	252	26	1	242	112	3	1345	52	365	0	67	7	120	44	1406	193	166	35	1
OTU_43	51	0	0	169	0	415	12	13	8	40	0	0	0	78	0	0	11	41	15	0	40	0	0	3	4	8	328	1	49	0	0	0	2	0	7	65	2	0	0
OTU_126	39	0	0	161	0	308	61	16	1	46	0	0	0	7	12	0	11	32	31	0	12	9	25	9	0	4	272	0	50	0	0	0	8	0	5	6	3	2	0
OTU_35	5	0	0	126	30	10	7	0	0	17	0	0	0	0	0	0	0	0	2	67	28	43	3	1	4	0	11	17	0	0	0	0	0	0	15	0	0	0	0
OTU_23	5	0	0	126	30	10	7	0	0	17	0	0	0	0	0	0	0	0	2	67	28	43	3	1	4	0	11	17	0	0	0	0	0	0	15	0	0	0	0
OTU_72	21	0	0	0	0	139	28	0	0	4	0	0	0	0	0	0	0	0	0	0	4	1	2	0	0	0	153	0	25	0	16	0	0	0	0	0	0	1	0
OTU_111	20	0	0	0	0	140	30	0	0	4	1	0	0	0	0	0	0	0	0	0	0	1	10	0	0	0	152	0	24	0	2	0	0	0	0	0	0	1	0
OTU_84	10	0	0	60	1	106	1	10	1	19	0	0	0	12	0	0	0	3	5	15	8	0	0	1	3	0	34	0	11	0	0	0	0	17	22	0	0	5	0
OTU_28	68	0	0	6	0	438	22	1	4	8	0	0	0	18	0	0	7	31	0	1	12	0	0	0	0	0	403	0	18	0	0	0	0	0	0	32	0	0	0
OTU_98	42	13	29	38	113	1	3	1	59	1	17	70	0	57	23	9	46	8	55	60	165	137	40	21	67	32	0	80	63	6	0	3	51	45	20	33	53	3	0
OTU_59	41	70	46	38	133	1	37	61	9	173	25	19	0	15	25	3	46	8	55	86	68	136	154	21	10	15	0	3	63	8	0	3	52	61	19	8	50	43	0
OTU_112	44	0	0	1655	0	85	0	36	59	36	1	1	0	54	0	0	59	17	1	1	31	1	0	81	0	0	63	7	46	0	0	2	9	1	80	285	17	0	0
OTU_21	89	0	0	309	2	642	39	26	30	128	2	42	0	55	0	13	55	7645	33	0	103	12	0	22	8	28	692	64	10	0	176	0	6	11	374	52	11	4	1
OTU_5	87	34	82	0	12	642	90	30	11	136	3	0	0	23	24	0	49	7626	55	263	0	12	99	22	0	0	673	46	10	5	127	0	10	14	1	16	9	9	1
OTU_62	45	0	0	194	0	249	6	0	0	9	1	0	1	0	0	0	0	36	2	0	18	0	0	11	0	0	245	5	21	0	16	0	0	5	111	0	0	0	0
OTU_348	21	0	0	3	0	0	0	0	0	0	0	2	0	6	0	0	201	120	0	0	3	287	0	399	0	0	81	0	100	0	0	17	0	0	3	7	112	0	0
OTU_41	89	0	0	40	0	265	16	9	17	144	2	1	0	27	0	7	36	10	28	0	155	1	0	11	0	22	219	16	18	2	18	0	11	0	8	24	41	0	0
OTU_173	47	0	0	0	0	0	0	0	0	0	0	0	0	0	0	0	6	6	0	0	0	0	0	9	0	0	179	0	0	0	0	0	0	0	0	0	0	0	0
OTU_57	53	0	0	6	0	184	14	0	0	0	0	0	0	0	0	0	11	11	0	0	0	0	0	19	0	0	187	1	0	0	169	0	0	0	0	0	0	0	0
OTU_441	4	0	0	0	0	39	5	0	0	0	0	0	0	0	0	0	0	0	0	0	0	0	0	0	0	0	9	0	0	0	0	0	0	0	0	0	0	0	0
OTU_65	14	0	0	0	0	74	8	0	0	0	0	0	0	0	0	0	0	1	0	1	0	0	0	0	0	0	79	0	0	0	0	0	0	0	0	0	0	0	0
OTU_99	10	1	0	3	2	5	1	0	4	0	0	7	0	23	0	0	0	1	70	0	0	5	0	5	0	0	32	16	0	2	1	0	0	0	3	0	0	0	0
OTU_429	10	7	0	2	2	9	16	3	0	0	0	2	1	8	0	0	0	1	70	0	0	4	0	5	0	0	32	0	0	3	1	0	0	1	2	0	0	0	0
OTU_44	6	1	38	13	31	73	4	0	1	0	12	0	0	0	0	0	0	0	0	89	0	31	0	5	10	0	54	47	8	0	16	3	0	0	2	0	0	14	0
OTU_22	6	1	38	13	31	73	4	0	1	0	12	0	0	0	0	0	0	0	0	89	0	31	0	5	10	0	54	47	8	0	16	3	0	0	2	0	0	14	0
OTU_336	21	0	0	386	1	9	17	7	13	16	0	1	2	73	0	2	13	2	0	5	27	5	0	30	0	2	10	6	50	0	1	0	0	0	14	178	3	0	0
OTU_100	41	0	0	183	0	250	31	0	0	10	1	0	0	0	0	0	0	35	4	36	6	0	14	9	0	0	206	0	20	0	0	0	0	5	101	0	0	0	0
OTU_36	24	0	0	0	0	147	10	0	0	9	0	0	0	0	0	0	0	0	0	5	11	0	0	0	0	0	133	0	0	0	0	0	0	1	0	0	0	0	0
OTU_54	24	0	0	0	0	147	10	0	0	9	0	0	0	0	0	0	0	0	0	6	8	0	0	0	0	0	133	0	0	0	0	0	0	1	0	0	0	0	0
OTU_42	49	0	0	5340	0	263	23	6	8	0	0	13	0	5	0	1	12	9	33	14	0	0	0	5	15	0	269	0	33	0	14	0	0	12	1762	1	2	4	0
OTU_74	13	0	0	1	0	127	5	0	0	11	0	0	0	4	0	0	5	5	0	0	14	0	0	0	0	0	113	0	19	0	3	0	1	0	0	7	2	0	0
OTU_225	13	0	0	1	0	130	15	0	0	12	0	0	0	2	0	0	5	4	0	3	2	0	3	0	0	0	112	0	17	0	0	0	2	0	0	1	2	0	0
OTU_240	14	0	61	0	52	749	138	7	3	342	4	0	1	1	13	6	0	13	31	275	645	0	86	0	3	45	68	0	0	3	4	0	29	7	0	2	0	8	1
OTU_133	5	0	1	174	0	0	0	0	4	1	0	0	0	4	0	1	10	23	55	0	42	3	19	6	0	0	0	11	453	0	5	1	2	1	64	31	4	0	0
OTU_95	30	0	0	0	0	52	12	0	0	0	0	0	0	0	0	0	0	22	0	0	0	0	0	0	0	0	48	0	0	0	0	0	0	0	0	0	0	0	0
OTU_364	27	0	0	0	0	53	32	0	0	0	0	0	0	0	0	0	0	15	0	0	0	0	9	0	0	0	47	0	0	0	0	0	0	0	0	0	0	0	0
OTU_122	13	0	0	107161	0	104	4	10	11	28	0	1	0	29	0	0	28	0	27	4	43	0	0	56	11	0	91	46	106	0	39	0	6	0	51911	25	22	3	0
OTU_3	9	2	0	67772	0	104	15	16	2	42	0	0	0	1	0	0	22	0	48	180	11	0	11	46	2	0	68	0	103	0	4	1	20	0	31146	4	21	15	0
OTU_68	10	0	0	0	0	47	5	0	0	0	0	0	0	0	0	0	0	1	0	1	0	0	0	0	0	0	77	0	0	0	0	0	0	0	0	0	0	0	0
OTU_398	19	0	0	0	0	0	10	0	0	0	0	0	0	0	0	0	0	0	0	0	0	0	0	0	0	0	0	0	0	0	0	0	0	0	0	3	0	0	0
OTU_39	15	0	0	0	0	243	6	0	0	3	0	0	0	0	0	0	0	6	0	0	5	0	0	0	0	0	239	0	0	0	0	2	0	0	0	0	0	0	0
OTU_179	15	0	0	0	0	244	13	0	0	3	0	0	0	0	0	0	0	6	0	0	0	0	0	0	0	0	236	0	0	0	0	2	0	0	0	0	0	0	0
OTU_49	6	0	0	0	0	46	9	0	0	0	0	0	0	0	0	0	0	0	0	34	0	0	0	0	0	0	51	0	0	0	0	0	0	0	0	0	0	0	0
OTU_87	6	0	0	0	0	46	9	0	0	0	0	0	0	0	0	0	0	0	0	34	0	0	0	0	0	0	51	0	0	0	0	0	0	0	0	0	0	0	0
OTU_180	4	0	0	0	0	4	2	0	0	0	0	0	0	0	0	0	0	0	0	1	0	0	0	0	0	0	2	0	0	0	0	0	0	0	1	0	0	0	0
OTU_198	4	0	0	0	0	4	2	0	0	0	0	0	0	0	0	0	0	0	0	1	0	0	0	0	0	0	3	0	0	0	0	0	0	0	1	0	0	0	0
OTU_300	11	0	0	1830	0	14	1	0	0	0	0	0	0	0	0	0	0	0	0	1	0	0	0	0	3	0	16	3	6	0	0	0	1	0	676	0	2	0	0
OTU_17	10	0	0	1799	0	15	3	0	0	0	0	0	0	0	0	0	0	0	0	10	0	0	0	0	0	0	14	0	6	0	0	0	1	0	650	0	2	2	0
OTU_76	10	0	36	0	0	14	31	5	4	0	0	0	0	0	1	0	0	0	0	0	0	1	1	30	0	0	11	0	0	2	2	0	0	0	0	0	0	0	0
OTU_73	10	0	36	0	0	9	30	3	4	0	0	0	0	0	1	0	0	0	0	0	0	1	1	30	0	0	11	0	0	2	2	0	0	0	0	0	0	0	0
OTU_236	22	0	0	0	0	0	0	0	0	0	0	96	0	244	0	0	19	113	0	0	6	39	0	68	8	0	116	0	17	0	0	1	0	0	0	228	9	0	0
OTU_303	10	0	44	72	0	0	0	0	0	0	0	0	0	0	0	0	0	0	0	54	0	0	0	0	15	1	22	0	0	0	0	0	0	0	37	0	2	1	0
OTU_51	24	0	18	9	24	308	41	2	2	12	0	0	0	0	1	2	1	26	0	373	12	9	0	14	0	1	282	0	2	0	39	5	0	0	0	0	0	0	0
OTU_14	22	0	18	7	24	308	41	2	2	12	0	0	0	0	1	2	1	25	0	373	11	9	0	14	0	1	276	0	1	0	38	5	0	0	0	0	0	0	0
OTU_18	2	0	0	2159	0	0	0	0	0	0	0	0	0	0	0	0	1	0	0	49	0	0	0	0	2	0	0	0	11	0	0	0	0	2	374	0	0	3	0
OTU_255	10	0	0	0	8	12	19	8	3	25	0	1	2	72	6	0	1	0	3	56	0	0	1	4	0	0	7	0	0	0	0	0	7	0	0	257	1	0	1
OTU_86	6	0	0	0	0	50	3	0	0	0	0	0	0	0	0	0	0	3	0	1	0	0	0	0	0	0	61	0	0	0	16	0	0	0	0	0	0	0	0
OTU_88	4	0	0	0	0	76	5	0	0	0	0	0	0	0	0	0	0	2	0	1	0	0	0	0	0	0	85	0	0	0	15	0	0	0	0	0	0	0	0
OTU_130	8	1	0	3	0	266	80	12	17	156	2	0	0	5	31	3	1	2	48	40	47	0	14	1	0	1	16	16	3	13	18	0	38	0	0	7	6	0	0
OTU_361	3	0	0	0	0	5	0	0	0	0	0	0	0	0	0	0	0	0	0	0	0	0	0	0	0	0	10	0	0	0	0	0	0	0	0	0	0	0	0
OTU_328	3	0	0	0	0	5	3	0	0	0	0	0	0	0	0	0	0	0	0	0	0	0	0	0	0	0	10	0	0	0	0	0	0	0	0	0	0	0	0
OTU_108	1	0	0	0	0	18	1	0	0	0	0	0	0	0	0	0	0	0	0	0	0	0	0	0	0	0	15	0	0	0	0	0	0	0	0	0	0	0	0
OTU_118	1	0	0	0	0	18	1	0	0	0	0	0	0	0	0	0	0	0	0	0	0	0	0	0	0	0	15	0	0	0	0	0	0	0	0	0	0	0	0
OTU_66	9	0	5	0	1	55	4	0	0	1	0	0	0	0	0	1	2	0	0	8	0	1	0	2	0	0	82	0	0	0	0	2	1	0	0	0	2	0	0
OTU_85	9	0	9	0	1	60	4	0	0	1	0	0	0	0	0	1	2	0	0	8	0	1	0	2	0	0	78	0	0	0	0	1	1	0	0	0	2	0	0
OTU_352	2	0	0	6	0	15	4	9	9	13	0	0	0	30	0	19	7	17	0	1	7	9	0	7	0	17	114	0	2	0	0	0	0	0	0	14	1	0	0
OTU_195	2	0	0	2	10	126	4	7	0	13	2	0	0	0	13	0	5	10	0	36	0	0	2	1	0	0	115	0	0	6	0	0	1	0	0	0	0	0	0
OTU_1	6	1912	42	1309	33	0	3	3968	4295	2388	26	2221	12	2060	2	5	844	21	8960	2	2552	34	1760	486	23	3	4	8302	2413	1	51	25	398	10	292	1728	430	24	18
OTU_2	6	1929	43	1308	34	0	3	4028	4293	2419	26	2220	12	2059	2	5	843	21	9091	2	2550	34	1782	486	23	3	4	8297	2415	1	52	25	405	10	292	1725	430	25	19
OTU_32	7	0	0	0	0	93	12	0	0	0	4	0	0	11	0	0	0	0	0	22	0	0	0	9	0	0	125	0	0	0	15	0	0	0	0	0	0	0	0
OTU_31	7	0	0	0	0	92	12	0	0	0	4	0	0	11	0	0	0	0	0	22	0	0	0	9	0	0	125	0	0	0	15	0	0	0	0	0	0	0	0
OTU_305	5	0	0	141	1	60	27	46	0	38	1	0	0	9	0	0	62	1	1	49	0	1	8	69	0	0	3	4	10	0	0	1	20	1	4	28	14	0	1
OTU_119	3	0	0	34	0	54	2	0	0	0	2	0	0	0	0	0	0	2	0	0	0	0	0	0	0	0	45	1	39	0	119	9	0	10	2	0	0	0	0
OTU_64	1	0	0	5	0	54	5	0	0	0	2	0	0	0	0	0	0	2	0	3	0	0	1	0	0	0	5	1	6	0	119	2	0	12	0	0	0	1	0
OTU_191	5	0	0	0	0	24	0	0	1	0	0	0	0	9	0	0	0	0	0	0	0	0	0	0	0	0	28	0	0	0	0	0	0	0	0	0	0	1	0
OTU_75	5	0	0	9	0	31	1	0	0	0	0	0	0	0	0	0	0	0	0	0	0	0	0	0	0	0	31	0	1	0	0	0	0	0	1	0	0	0	0
OTU_63	5	0	0	9	0	31	1	0	0	0	0	0	0	0	0	0	0	0	0	0	0	0	0	0	0	0	31	0	1	0	0	0	0	0	1	0	0	0	0
OTU_67	6	0	0	0	0	186	48	0	0	0	0	0	0	0	0	0	5	2	0	0	0	0	13	10	0	0	8	1	0	0	169	0	0	0	0	0	0	0	0
OTU_314	6	0	0	7	0	0	6	0	0	29	0	0	0	25	0	0	2	0	0	0	25	0	0	0	0	0	0	0	0	0	0	0	0	0	0	26	0	0	0
OTU_301	3	0	0	0	0	0	7	0	0	29	0	0	0	25	0	0	0	0	0	0	0	0	18	0	0	0	0	0	0	0	0	0	0	0	0	26	0	0	0
OTU_273	5	0	0	0	0	7	0	0	0	0	0	0	0	0	0	0	0	0	0	0	0	0	0	0	0	0	14	0	0	0	4	0	0	0	0	1	0	0	0
OTU_426	2	0	0	1	0	0	0	0	0	0	0	0	0	1	0	0	0	23	0	0	6	0	0	1	2	0	12	0	2	0	0	0	0	0	0	0	0	0	0
OTU_104	6	0	0	0	0	52	1	0	0	0	0	0	0	0	0	0	0	0	0	0	0	0	0	0	0	0	51	0	0	0	0	0	0	0	0	0	0	0	0
OTU_120	1	0	0	0	0	16	0	0	0	0	0	0	0	0	0	0	0	0	0	0	0	0	0	0	0	0	18	0	0	0	0	0	0	0	0	0	0	0	0
OTU_127	1	0	0	0	0	16	0	0	0	0	0	0	0	0	0	0	0	0	0	0	0	0	0	0	0	0	18	0	0	0	0	0	0	0	0	0	0	0	0
OTU_283	3	0	0	0	0	10	2	0	0	0	0	0	0	0	0	0	0	0	0	0	0	0	0	0	0	0	7	0	0	0	0	0	0	0	0	6	0	0	0
OTU_34	5	0	0	1	0	153	4	0	0	0	0	0	0	6	0	0	0	0	0	1	0	0	0	0	0	0	141	0	0	0	0	0	0	0	0	10	0	0	0
OTU_33	5	0	0	0	0	153	4	0	0	0	0	0	0	6	0	0	0	0	0	1	0	0	0	0	0	0	141	0	0	0	0	0	0	0	0	10	0	0	0
OTU_435	1	0	0	8	0	0	0	0	0	0	0	0	0	0	0	0	0	1	0	9	0	0	0	0	0	0	0	0	0	0	0	0	0	0	0	0	0	0	0
OTU_203	2	0	0	0	0	0	2	1	0	0	0	0	0	0	0	0	0	0	0	0	0	0	0	0	0	0	0	0	33	0	0	0	0	0	0	0	0	0	0
OTU_189	1	0	0	0	0	4	0	0	0	0	0	0	0	0	0	0	0	0	0	0	0	0	0	0	0	0	6	0	0	0	0	0	0	0	0	0	0	0	0
OTU_140	1	0	0	0	0	31	1	0	0	0	0	0	0	0	0	0	0	0	0	0	0	0	0	0	0	0	0	0	0	0	0	0	0	0	0	0	0	0	0
OTU_154	1	833	726	0	933	928	242	1241	679	1388	227	0	1	0	203	1	2	60	970	477	9	3	784	4	3	0	3	298	0	196	168	1	298	434	0	1	1	194	13
OTU_160	3	0	0	0	0	28	2	0	0	2	0	0	0	0	0	0	12	0	0	0	2	0	0	0	0	0	37	0	0	0	0	0	0	0	0	12	0	0	0
OTU_229	3	0	0	0	0	29	2	0	0	2	0	0	0	0	0	0	10	0	0	0	0	0	0	0	0	0	37	0	0	0	0	0	0	0	0	3	0	0	1
OTU_96	1	0	0	4	0	12	0	0	0	0	0	0	0	0	0	0	0	0	0	0	0	0	0	0	0	0	22	0	0	0	0	0	1	0	1	0	1	0	0
OTU_149	1	0	0	4	0	12	0	0	0	0	0	0	0	0	0	0	0	0	0	0	0	0	0	0	0	0	22	0	0	0	0	0	1	0	1	0	1	0	0
OTU_295	1	0	0	0	0	19	0	0	0	0	0	0	0	0	0	0	0	0	0	0	0	0	0	0	0	0	16	0	0	0	0	0	0	0	0	0	0	0	0
OTU_340	2	0	0	391	0	0	1	21	15	14	0	0	0	50	0	0	29	1	0	0	14	0	0	0	0	0	39	0	15	0	1	0	0	0	13	54	14	2	0
OTU_81	1	0	1	502	0	0	0	1	0	44	0	0	2	9	0	6	17	0	0	1	42	2	2	0	0	0	0	0	14	0	0	0	3	1	26	92	4	0	0
OTU_15	1	0	1	503	1	0	0	1	0	44	0	0	2	9	0	5	17	0	0	4	37	2	2	0	0	0	0	0	14	0	0	0	3	1	26	92	4	0	0
OTU_263	1	0	0	12	0	0	0	0	0	0	0	0	0	16	0	0	11	0	1	0	10	0	0	5	0	0	0	0	40	0	0	0	7	0	0	12	9	0	0
OTU_116	0	610	1	0	90	0	0	0	0	0	0	0	0	0	1	0	0	0	0	3	0	0	599	0	0	0	0	0	0	19	0	0	0	0	0	0	0	0	0
OTU_222	0	117	0	1	0	0	0	0	0	0	0	114	0	0	0	0	0	0	0	0	0	0	0	0	0	0	0	0	0	0	0	3	0	0	2	0	0	0	0
OTU_254	0	106	0	18	0	0	0	0	0	0	0	118	0	0	0	4	0	0	0	0	0	0	0	0	0	0	0	1	0	0	0	5	0	0	9	0	0	0	0
OTU_53	0	85	0	45	1	0	0	263	197	27	1	32	1	183	0	0	52	1	693	2	5	0	3	38	0	0	0	685	7	0	3	0	123	0	14	129	22	2	2
OTU_313	0	16	3	0	221	0	0	0	0	0	0	0	0	0	0	0	1	0	0	2	1	8	12	2	1	0	0	0	3	33	0	0	0	0	0	1	1	0	0
OTU_20	0	26	107	0	27	0	50	0	0	0	0	0	0	0	3	0	0	0	126	2415	0	0	107	0	0	0	0	0	0	8	0	0	39	0	0	0	0	17	3
OTU_279	0	34	0	0	1	0	0	0	0	0	0	0	0	0	0	0	0	0	2	0	0	0	95	0	0	0	0	0	0	0	0	0	2	0	0	0	0	0	0
OTU_8	0	56	0	891	1	0	0	239	208	20	1	89	2	630	0	0	187	3	708	2	20	0	3	133	0	0	0	696	93	0	3	1	124	0	217	417	88	2	2
OTU_97	0	21	0	0	0	0	0	0	0	0	0	23	0	0	0	0	0	0	0	0	0	0	0	0	0	0	0	0	0	0	0	0	0	0	0	0	0	0	0
OTU_101	0	21	0	0	0	0	0	0	0	0	0	23	0	0	0	0	0	0	0	0	0	0	0	0	0	0	0	0	0	0	0	0	0	0	0	0	0	0	0
OTU_404	0	15	0	63	0	0	0	0	0	0	0	23	0	0	0	0	0	0	0	14	0	0	0	0	3	0	0	0	0	0	0	0	0	0	23	0	0	0	0
OTU_110	0	5	0	0	73	1	2	0	1	0	4	0	0	0	0	0	0	0	56	2	1	0	1	0	0	0	0	0	0	1	0	0	23	13	0	0	1	0	0
OTU_103	0	9	0	19	0	0	0	0	0	3	0	7	0	46	0	0	2	0	0	0	3	0	4	3	0	0	0	0	40	0	0	0	1	0	10	24	0	0	1
OTU_168	0	9	0	18	0	0	0	0	0	3	0	7	0	46	0	0	2	0	0	0	3	0	4	3	0	0	0	0	39	0	0	0	1	0	7	22	0	0	1
OTU_186	0	1	0	30	0	0	0	0	0	0	0	1	0	1	0	0	0	0	0	0	0	0	0	0	0	0	0	0	2	0	0	0	0	0	10	3	1	0	0
OTU_393	0	41	185	0	31	0	1	0	0	0	0	0	1	0	44	0	0	0	0	52	0	0	35	0	0	0	0	0	0	6	0	0	0	0	0	0	0	6	0
OTU_194	0	9	0	0	0	0	0	0	0	0	0	11	0	0	6	0	0	0	0	0	0	0	0	2	0	3	0	0	0	0	0	0	0	0	0	0	0	0	0
OTU_193	0	9	0	0	0	0	0	0	0	0	0	11	0	0	6	0	0	0	0	0	0	0	0	2	0	3	0	0	0	0	0	0	0	0	0	0	0	0	0
OTU_237	0	1	0	2	0	0	0	5	5	0	0	3	0	0	0	0	0	0	0	0	0	0	0	0	0	0	0	0	0	0	0	0	0	0	0	0	0	0	0
OTU_233	0	1	0	1	0	0	0	5	5	0	0	3	0	0	0	0	0	0	0	0	0	0	0	0	0	0	0	0	0	0	0	0	0	0	0	0	0	0	0
OTU_52	0	4	0	0	117	205	187	1214	0	1356	35	0	0	0	0	0	0	0	0	0	0	0	0	0	0	0	0	0	0	39	0	0	0	67	0	0	0	155	0
OTU_374	0	1	0	0	0	0	0	6	0	3	0	0	0	0	0	0	0	0	15	0	0	0	2	0	0	0	0	0	0	0	0	0	1	0	0	0	0	0	0
OTU_419	0	1	7	0	0	8	0	0	2	0	0	1	0	0	0	0	0	0	7	0	0	0	0	0	0	0	8	0	3	0	0	0	0	0	0	0	0	0	0
OTU_415	0	1	1	0	0	24	2	21	0	14	0	0	0	73	0	0	6	0	0	0	1	0	0	3	0	0	0	0	0	0	0	0	10	0	0	174	0	2	0
OTU_82	0	0	82	0	9	0	15	0	0	0	0	0	0	0	23	0	0	0	8	262	0	0	1	0	0	0	0	0	0	5	0	0	1	0	0	0	0	0	0
OTU_270	0	0	17	0	0	0	0	0	0	0	0	0	0	0	0	0	0	0	0	0	0	0	0	0	0	0	0	0	0	0	0	2	0	0	0	0	0	0	0
OTU_83	0	0	19	0	68	0	0	0	0	0	0	0	0	0	0	0	0	0	0	0	0	116	0	0	0	0	0	0	0	0	0	3	0	0	0	0	0	0	0
OTU_201	0	0	34	0	0	0	0	0	0	0	0	0	0	0	15	0	0	0	0	0	0	0	0	27	0	5	0	0	0	0	0	0	0	0	0	6	0	0	0
OTU_45	0	0	12	166	0	0	0	8	10	12	0	0	0	6	0	0	1	5	0	16	7	0	1	0	0	0	0	0	6	0	0	0	0	0	19	2	0	0	0
OTU_182	0	0	27	1	20	0	0	1	0	0	0	0	0	0	0	0	1	0	14	0	0	25	0	0	0	0	0	0	1	0	1	3	0	0	0	0	0	0	0
OTU_185	0	0	20	19	15	0	0	0	0	0	0	0	0	0	0	0	1	0	14	0	0	25	0	0	1	0	0	0	1	0	3	3	0	0	0	0	0	0	0
OTU_227	0	0	18	0	68	0	0	0	0	0	0	0	0	0	0	0	0	0	0	0	0	118	0	0	0	0	0	0	0	0	0	3	0	0	0	0	0	0	0
OTU_411	0	0	1	0	0	0	0	2	1	0	0	0	0	0	0	0	0	0	0	0	0	0	0	0	0	0	0	0	1	0	2	0	0	0	0	0	0	0	0
OTU_437	0	0	1	1	0	0	0	2	1	0	0	0	0	0	0	0	0	0	0	0	0	0	0	0	0	0	0	0	4	0	2	0	0	0	0	0	0	0	0
OTU_157	0	0	1	29690	0	0	0	0	16	0	1	2	1	162	1	0	25	0	58	0	99	1	10	26	0	0	1	41	146	0	0	1	38	0	12351	86	26	0	1
OTU_138	0	0	0	6985	0	0	0	0	0	0	0	0	0	0	0	0	0	0	0	0	0	0	0	0	0	0	1	0	0	0	0	0	0	0	1852	0	0	0	0
OTU_29	0	0	0	3347	0	0	0	0	0	0	0	0	0	0	0	0	0	0	1	0	0	0	0	0	0	0	0	0	10	0	0	0	0	0	1139	0	0	0	0
OTU_322	0	0	0	4100	0	0	0	0	0	0	0	0	0	0	0	0	0	0	0	0	0	0	0	0	0	0	0	0	1	0	0	0	0	0	1224	0	0	0	0
OTU_199	0	0	0	6238	21	0	0	0	1	0	0	0	0	30	0	0	7	0	14	0	26	21	3	1	0	0	0	0	2	0	0	1	2	0	2691	0	0	0	0
OTU_4	0	0	0	6223	24	1	0	1	0	50	0	0	0	6	0	0	7	0	14	0	9	21	15	1	0	0	0	0	2	0	0	1	2	0	2688	0	0	0	0
OTU_349	0	0	0	666	0	0	0	0	0	0	0	0	0	0	0	0	0	0	0	0	0	0	0	0	0	0	0	0	0	0	0	0	0	0	292	0	0	0	0
OTU_388	0	0	0	870	0	0	0	0	0	0	0	0	0	0	0	0	0	0	0	0	0	0	0	0	0	0	0	0	0	0	0	0	0	0	103	0	0	0	0
OTU_387	0	0	0	1543	0	0	0	0	0	0	0	0	0	0	0	0	0	0	0	0	0	0	0	1	0	0	0	0	0	0	0	0	0	0	1102	0	0	0	0
OTU_306	0	0	0	654	0	0	0	0	0	0	0	0	0	0	0	0	0	0	0	0	0	0	0	0	0	0	0	0	9	0	0	0	0	0	28	0	0	0	0
OTU_25	0	0	0	772	0	0	0	0	0	0	0	0	0	5	0	0	0	0	16	0	0	0	1	0	0	0	0	0	0	0	0	0	0	0	271	0	0	0	0
OTU_238	0	0	0	748	0	0	0	0	0	0	0	0	0	18	0	0	0	0	16	0	0	0	0	0	0	0	0	0	0	0	0	0	0	0	267	1	0	0	0
OTU_323	0	0	0	1413	0	0	0	0	0	0	0	0	0	0	0	0	0	0	0	0	0	0	0	0	0	0	0	0	0	0	0	0	0	0	658	0	0	0	0
OTU_397	0	0	0	220	0	0	0	0	0	0	0	0	0	0	0	0	0	59	5	0	0	0	0	0	0	0	0	0	0	0	0	3	0	0	7	0	0	0	0
OTU_13	0	0	0	1260	0	0	0	0	0	0	0	0	0	0	0	0	0	0	0	0	0	0	0	0	0	0	0	0	3	0	0	0	0	0	908	0	0	0	0
OTU_292	0	0	0	1060	0	0	0	0	0	0	0	0	0	0	0	0	0	0	0	0	0	0	0	0	0	0	0	0	0	0	0	0	0	0	452	0	0	0	0
OTU_371	0	0	0	2021	0	0	0	0	0	0	0	0	0	0	0	0	0	0	1	0	0	0	0	0	0	0	0	0	7	0	0	0	7	0	1547	2	7	0	0
OTU_256	0	0	0	432	0	0	0	0	0	0	0	0	0	0	0	0	0	0	0	0	0	0	0	0	0	0	0	0	0	0	0	0	0	0	646	0	0	0	0
OTU_362	0	0	0	2164	0	0	0	0	0	0	0	0	0	0	0	0	0	0	0	0	0	0	0	0	0	0	0	0	0	0	0	0	0	0	186	0	0	0	0
OTU_48	0	0	0	306	0	0	0	0	0	0	0	0	0	0	0	0	0	0	0	0	0	0	0	0	0	0	0	0	0	0	0	0	0	0	371	0	0	0	0
OTU_278	0	0	0	2227	0	0	0	0	2	0	0	0	0	104	0	0	0	8	12	0	12	2	0	5	0	0	0	3	11	0	0	0	0	0	642	47	2	0	0
OTU_334	0	0	0	337	0	0	0	0	0	0	0	0	0	0	0	0	0	0	0	0	0	0	0	2	0	0	0	0	1	0	0	0	0	0	1152	0	0	0	0
OTU_412	0	0	0	2706	0	0	0	0	0	29	0	0	0	72	0	0	2	0	0	0	38	0	0	3	0	0	0	0	0	0	0	0	0	0	764	9	0	0	0
OTU_6	0	0	0	2683	0	0	0	0	0	30	0	0	0	21	0	0	2	0	0	0	14	0	21	3	0	0	0	0	0	0	0	0	0	0	755	3	0	0	0
OTU_78	0	0	0	2088	0	0	0	0	0	11	0	0	0	0	0	0	0	0	0	0	0	0	0	0	0	0	0	0	1	0	0	0	10	0	1103	0	0	0	1
OTU_326	0	0	0	1533	0	0	0	0	0	25	0	0	0	15	0	0	0	0	0	0	27	0	0	1	0	0	0	1	37	0	0	1	0	0	510	3	2	0	0
OTU_70	0	0	0	274	0	0	0	0	0	0	0	0	0	0	0	0	8	0	0	23	0	0	0	3	0	0	0	0	0	0	0	0	0	0	111	0	0	0	0
OTU_365	0	0	0	132	0	0	0	0	0	0	0	0	0	0	0	0	7	0	0	49	0	0	0	1	0	0	0	0	0	0	0	0	0	0	65	0	0	0	0
OTU_183	0	0	0	14	0	0	0	0	0	0	0	0	0	0	0	0	0	0	0	0	0	0	0	0	0	0	0	0	0	0	0	0	0	0	9	0	0	0	0
OTU_443	0	0	0	356	0	0	0	0	0	0	0	0	0	0	0	0	0	0	0	0	0	0	0	0	0	0	0	0	0	0	0	0	0	0	117	0	0	0	0
OTU_251	0	0	0	8	0	0	0	0	0	0	0	0	0	0	0	0	0	0	0	0	0	0	0	0	0	0	0	0	0	0	0	0	0	0	0	0	0	0	0
OTU_386	0	0	0	682	0	0	0	0	0	0	0	0	0	0	0	0	0	0	0	0	0	0	0	1	0	0	0	0	0	0	0	0	0	0	799	0	0	0	0
OTU_319	0	0	0	2568	0	0	0	0	0	0	0	0	0	0	0	0	0	0	0	0	0	0	0	0	0	0	0	0	0	0	0	0	0	0	1118	0	0	0	0
OTU_355	0	0	0	6	0	0	0	0	0	0	0	0	0	0	0	0	0	0	0	0	0	0	0	0	0	0	0	0	0	0	0	0	0	0	0	0	0	0	0
OTU_56	0	0	0	260	0	0	0	0	0	0	0	0	0	0	0	0	0	0	0	0	0	0	0	0	0	0	0	0	0	0	0	0	0	0	9	0	0	0	0
OTU_46	0	0	0	376	0	0	0	0	0	0	0	0	0	0	0	0	0	0	0	0	0	0	0	0	0	0	0	0	0	0	0	0	0	0	54	0	0	0	0
OTU_385	0	0	0	319	0	0	0	0	15	0	0	0	0	72	0	0	9	0	5	0	1	0	0	0	0	0	0	0	20	0	0	0	4	0	13	76	8	0	0
OTU_358	0	0	0	133	0	0	0	0	0	0	0	0	0	0	0	0	0	0	0	0	0	0	0	0	0	0	0	0	0	0	0	0	0	0	63	0	0	0	0
OTU_170	0	0	0	34	0	0	0	0	0	0	0	0	0	0	0	0	1	0	0	0	0	0	0	6	0	0	0	0	0	0	0	0	6	0	1	0	4	0	0
OTU_230	0	0	0	460	0	0	0	0	0	0	0	0	0	8	0	0	1	0	26	0	12	0	0	0	0	0	0	18	0	0	0	0	0	0	136	7	0	0	0
OTU_80	0	0	0	324	0	0	0	0	0	0	0	0	0	0	0	0	0	0	0	0	0	0	0	0	0	0	0	0	0	0	0	0	7	0	936	1	7	0	0
OTU_164	0	0	0	59	0	21	0	1	0	0	0	0	0	84	0	0	4	0	0	0	1	0	0	0	0	0	20	0	0	0	0	0	0	0	0	7	0	0	0
OTU_141	0	0	0	58	0	21	0	1	0	0	5	0	0	13	0	0	4	0	1	0	0	0	0	0	0	0	14	0	7	0	0	0	7	0	0	0	0	0	0
OTU_142	0	0	0	15	0	37	0	0	0	0	0	0	0	0	0	0	2	0	0	0	0	0	1	3	0	0	40	0	0	0	0	0	0	0	0	7	3	0	0
OTU_396	0	0	0	202	0	0	0	0	0	0	0	0	0	0	0	0	2	0	0	0	0	0	0	2	0	0	0	0	0	0	0	0	0	0	347	0	1	0	0
OTU_346	0	0	0	229	0	0	0	0	0	0	0	0	0	0	0	0	0	0	0	0	0	0	0	0	0	0	0	0	0	0	0	0	0	0	62	0	0	0	0
OTU_370	0	0	0	100	0	0	0	0	0	0	0	0	0	0	0	0	0	0	0	0	0	0	0	0	0	0	0	0	0	0	0	0	0	0	1	0	0	0	0
OTU_308	0	0	0	289	0	0	0	0	0	0	0	0	0	0	0	0	0	0	0	0	0	0	0	0	0	0	0	0	0	0	0	0	0	0	44	0	0	0	0
OTU_158	0	0	0	42	0	0	0	0	0	0	0	0	0	0	0	0	0	0	0	0	0	0	0	0	0	0	0	0	0	0	0	0	0	0	28	0	0	0	0
OTU_442	0	0	0	5	0	0	0	0	0	0	0	0	0	0	0	0	0	0	0	0	0	0	0	0	0	0	0	0	0	0	0	0	0	0	0	0	0	0	0
OTU_277	0	0	0	21	0	0	0	0	0	0	0	0	0	0	0	0	0	0	0	0	0	0	0	0	0	0	0	0	0	0	0	0	0	0	4	0	0	0	0
OTU_93	0	0	0	8	0	0	0	0	0	0	0	0	0	0	0	0	1	2	0	19	0	0	0	0	0	0	0	0	0	0	0	0	2	0	2	0	1	0	0
OTU_176	0	0	0	8	0	0	0	0	0	0	0	0	0	0	0	0	1	2	0	19	0	0	0	0	0	0	0	0	0	0	0	0	2	0	2	0	1	0	0
OTU_218	0	0	0	390	0	0	0	0	0	0	0	0	0	0	0	0	0	0	0	0	0	0	0	0	0	0	0	0	0	0	0	0	0	0	313	0	0	0	0
OTU_331	0	0	0	13	0	0	0	0	0	12	0	0	0	0	0	0	0	3	0	0	0	0	9	0	0	0	0	0	0	0	0	0	0	0	1	0	0	0	0
OTU_272	0	0	0	63	0	7	0	0	0	0	0	0	0	0	0	0	0	0	0	0	0	0	0	0	0	0	10	2	0	0	0	0	0	11	1	0	0	0	0
OTU_124	0	0	0	63	0	7	0	0	0	0	0	0	0	0	0	0	0	0	0	0	0	0	0	0	0	0	10	1	0	0	0	0	0	12	1	0	0	0	0
OTU_405	0	0	0	14	0	0	0	0	0	0	0	0	0	0	0	0	0	0	0	0	0	0	0	0	0	0	0	0	0	0	0	0	0	0	72	0	0	0	0
OTU_333	0	0	0	4	0	0	0	0	0	6	0	0	0	0	0	0	0	0	0	0	5	0	0	0	1	0	0	0	0	0	0	0	0	0	0	0	0	0	0
OTU_102	0	0	0	3	0	0	0	0	0	0	0	0	0	1	0	0	0	0	0	0	0	0	0	0	0	0	0	18	0	0	0	1	0	0	0	0	0	0	0
OTU_208	0	0	0	15	0	0	0	0	0	0	0	0	0	0	0	0	0	0	0	0	0	0	0	0	0	0	0	0	7	0	0	0	0	0	1	0	0	0	0
OTU_60	0	0	0	309	0	0	0	0	0	0	0	0	0	0	0	0	0	0	0	0	0	0	0	0	0	0	0	0	0	0	0	0	0	0	17	0	0	0	0
OTU_197	0	0	0	25	0	0	0	0	0	0	0	0	0	0	0	0	0	0	0	0	0	0	0	0	0	0	0	0	0	0	0	0	0	0	3	0	0	0	0
OTU_61	0	0	0	117	0	0	0	0	0	0	0	0	0	0	0	0	0	0	0	0	0	0	0	2	0	0	0	0	0	0	0	0	0	0	42	0	0	0	0
OTU_132	0	0	0	69	0	0	0	0	0	0	0	0	0	0	0	0	0	0	0	0	0	0	0	0	0	0	0	0	0	0	0	0	0	0	17	0	0	0	0
OTU_427	0	0	0	37	0	0	0	1	0	1	0	0	0	0	0	0	0	0	0	35	0	1	1	0	0	0	0	0	0	0	0	0	0	0	14	0	0	4	0
OTU_290	0	0	0	49	0	0	0	0	0	0	0	0	0	0	0	1	2	0	0	35	2	1	0	0	5	0	0	0	0	0	4	0	0	0	16	0	0	0	0
OTU_69	0	0	0	34	0	0	0	6	8	0	0	0	0	1	0	0	2	0	0	0	0	0	0	1	0	0	0	0	1	0	0	0	0	0	1	10	0	0	0
OTU_302	0	0	0	38	0	0	0	6	8	0	0	0	0	1	0	0	2	0	0	0	0	0	0	1	0	0	0	0	1	0	0	0	0	0	3	10	0	0	0
OTU_265	0	0	0	11	0	0	0	0	0	0	0	0	0	0	0	0	0	0	0	0	0	0	0	0	0	0	0	0	0	0	0	0	0	0	5	0	0	0	0
OTU_105	0	0	0	166	0	0	0	8	12	12	0	0	0	6	0	0	1	5	0	16	8	0	1	0	0	0	0	0	6	0	0	0	0	0	19	2	0	0	0
OTU_414	0	0	0	42	0	0	0	0	0	0	0	0	0	0	0	0	12	0	6	0	0	0	0	0	0	0	0	0	0	0	0	0	1	0	3	8	2	0	0
OTU_318	0	0	0	113	0	0	0	0	0	2	0	0	0	0	0	1	1	0	0	0	44	0	0	0	0	1	0	0	11	0	0	0	0	0	2	0	0	0	0
OTU_264	0	0	0	16	0	0	0	0	0	0	0	0	0	0	0	0	0	0	0	0	0	0	0	0	0	0	0	0	0	0	0	0	0	0	3	0	0	0	0
OTU_291	0	0	0	11	0	0	0	0	0	0	0	0	0	0	0	4	0	0	0	22	0	0	3	0	0	0	0	0	0	0	0	0	0	0	0	8	0	0	0
OTU_368	0	0	0	11	0	0	0	1	0	0	0	0	0	0	0	0	0	0	0	22	0	0	4	0	0	0	0	0	0	0	0	0	0	4	0	0	0	0	0
OTU_408	0	0	0	13	0	0	0	0	0	0	0	0	0	0	0	0	0	0	0	0	0	0	0	0	0	0	0	0	0	0	0	0	0	0	0	0	0	0	0
OTU_383	0	0	0	79	0	0	0	0	0	0	0	0	0	0	0	0	0	0	0	0	0	0	0	0	0	0	0	0	0	0	0	0	3	0	38	0	1	0	0
OTU_329	0	0	0	43	0	0	0	0	0	0	0	0	0	0	0	0	8	0	0	0	0	0	0	0	0	0	0	0	15	0	0	0	4	0	0	0	1	0	1
OTU_106	0	0	0	37	0	0	0	0	0	0	0	0	0	0	0	0	0	0	0	0	0	0	0	0	0	0	0	0	12	0	0	0	0	0	24	0	0	0	0
OTU_213	0	0	0	26	0	0	0	0	0	0	0	0	0	0	0	0	0	0	0	0	0	0	0	0	0	0	0	0	0	0	0	0	0	0	4	0	0	0	0
OTU_394	0	0	0	3	0	0	0	0	0	0	0	0	0	0	0	0	0	0	0	0	0	0	0	0	0	0	0	0	0	0	0	0	0	0	0	0	0	0	0
OTU_321	0	0	0	30	0	0	0	0	0	0	0	0	0	0	0	0	0	0	0	0	0	0	0	0	0	0	0	0	0	0	0	0	0	0	336	0	0	0	0
OTU_159	0	0	0	12	0	0	0	0	0	11	0	0	0	0	0	0	0	0	0	2	9	0	1	0	0	0	0	0	1	0	0	0	0	0	1	1	1	0	0
OTU_125	0	0	0	12	0	0	0	0	0	11	0	0	0	0	0	0	0	0	0	2	9	0	1	0	0	0	0	0	1	0	0	0	0	0	1	1	1	0	0
OTU_184	0	0	0	24	0	0	0	0	0	0	0	0	0	0	0	0	0	0	0	0	0	0	0	0	0	0	0	0	42	0	0	0	0	0	0	0	0	0	0
OTU_311	0	0	0	2	0	0	0	0	0	0	0	0	0	9	0	8	9	0	0	4	21	0	0	0	0	0	0	0	1	2	0	0	4	0	0	1	2	0	0
OTU_128	0	0	0	14	0	0	0	0	0	0	0	0	0	1	0	0	0	3	0	0	0	0	0	0	0	0	0	0	0	0	0	0	0	0	0	0	0	0	0
OTU_294	0	0	0	11	0	0	0	0	0	0	0	0	0	0	0	0	0	0	0	0	0	0	0	0	0	0	0	0	0	0	0	0	0	0	3	0	0	0	0
OTU_192	0	0	0	22	0	0	0	0	0	0	0	0	0	0	0	0	0	0	0	0	0	0	0	0	0	0	0	0	0	0	0	0	0	0	15	0	0	0	0
OTU_269	0	0	0	52	0	0	0	0	0	0	0	0	0	0	0	0	0	0	0	63	0	0	0	0	7	0	0	0	0	0	0	0	0	0	21	0	0	0	0
OTU_156	0	0	0	1	0	7	0	0	0	0	0	0	0	0	0	0	1	0	0	0	1	0	0	0	0	0	8	0	2	0	0	0	1	0	0	0	2	0	0
OTU_187	0	0	0	39	0	0	0	0	0	0	0	0	0	0	0	0	0	0	0	0	0	0	0	0	0	0	0	0	0	0	0	0	0	0	0	0	0	0	0
OTU_410	0	0	0	2	0	0	0	0	0	0	0	0	0	0	0	0	0	0	0	0	0	0	0	0	0	0	0	0	0	0	0	0	0	0	0	0	0	0	0
OTU_228	0	0	0	16	0	0	0	0	0	0	0	0	0	0	0	0	0	13	0	0	0	0	0	0	0	0	0	0	0	0	0	0	0	0	1	0	0	0	0
OTU_284	0	0	0	33	0	0	0	0	0	0	0	0	0	0	0	0	0	0	14	0	0	0	0	0	0	0	0	0	0	0	0	0	0	0	5	0	0	0	0
OTU_309	0	0	0	5	0	0	0	0	0	0	0	0	0	0	0	0	0	0	0	0	0	0	0	6	0	0	0	0	0	0	0	0	8	0	0	0	9	0	0
OTU_27	0	0	0	1	0	71	18	0	0	24	0	0	0	1	0	0	0	1	0	97	4	0	3	0	2	0	10	0	2	0	0	0	1	0	0	0	0	11	0
OTU_446	0	0	0	9	0	0	0	0	0	0	0	0	0	0	0	0	0	0	0	0	0	0	0	0	0	0	0	0	0	0	0	0	0	0	6	0	0	0	0
OTU_332	0	0	0	25	0	0	0	0	0	7	0	0	0	0	0	0	0	0	0	0	5	0	0	0	0	0	0	0	1	0	0	0	0	0	1	0	0	0	0
OTU_235	0	0	0	23	0	0	0	0	0	7	0	0	0	0	0	0	0	0	0	0	2	0	0	0	0	0	0	0	1	0	0	0	0	0	1	0	0	0	0
OTU_137	0	0	0	34	0	0	0	0	1	0	0	0	0	0	0	0	0	0	0	0	0	0	0	0	0	0	0	0	0	0	0	0	0	0	30	0	0	0	0
OTU_253	0	0	0	19	0	0	0	0	0	0	0	0	0	4	0	0	0	0	0	6	0	0	0	0	0	0	2	0	0	0	0	0	1	0	3	2	2	0	0
OTU_171	0	0	0	20	0	0	0	0	0	0	0	0	0	4	0	0	0	0	0	6	0	0	0	0	0	0	0	0	0	0	0	0	1	0	3	2	3	0	0
OTU_239	0	0	0	5	1	0	161	0	0	1	0	0	0	0	0	0	0	0	1	124	0	0	1	0	0	0	0	0	0	1	0	0	0	0	3	0	0	9	0
OTU_143	0	0	0	19	0	0	0	0	0	0	0	0	0	0	0	0	0	0	0	0	0	0	0	0	0	0	0	0	0	0	0	0	0	0	13	0	0	0	0
OTU_357	0	0	0	5	0	0	0	0	0	0	0	0	0	0	0	0	0	0	0	0	0	0	0	0	0	0	0	0	0	0	0	0	0	0	3	0	0	0	0
OTU_188	0	0	0	17	0	0	0	0	0	0	0	0	0	0	0	0	0	0	0	0	0	0	0	0	0	0	0	0	0	0	0	0	0	0	0	0	0	0	0
OTU_151	0	0	0	24	0	42	0	0	0	0	0	0	0	0	0	7	2	1	0	1	0	4	0	2	0	0	43	0	0	0	0	0	0	0	0	8	0	0	0
OTU_400	0	0	0	3	0	0	0	0	0	0	0	0	0	0	0	0	0	1	0	17	0	0	0	0	0	0	0	0	0	0	0	0	0	0	0	0	0	0	0
OTU_403	0	0	0	3	0	0	0	0	0	0	0	0	0	0	0	0	0	1	0	18	0	0	0	0	0	0	0	0	0	0	0	0	0	0	0	0	0	0	0
OTU_258	0	0	0	2	0	0	0	0	0	0	0	0	0	0	0	0	0	0	0	0	0	0	0	0	0	0	0	0	2	0	0	0	0	0	0	0	0	0	0
OTU_241	0	0	0	1	0	0	0	0	0	0	0	46	1	270	0	0	15	0	0	0	3	0	0	11	0	0	0	0	11	0	0	0	0	0	2	169	2	0	0
OTU_428	0	0	0	6	0	0	0	0	0	0	0	0	0	11	0	0	0	0	0	0	0	0	0	0	0	0	0	0	0	0	0	0	0	0	0	0	0	0	0
OTU_434	0	0	0	194	0	0	0	0	0	0	0	0	0	0	0	0	0	0	0	0	0	0	0	0	0	0	0	0	0	0	0	0	0	0	197	0	0	0	0
OTU_310	0	0	0	1	0	0	0	0	0	0	0	0	0	0	0	0	12	0	6	0	0	0	0	0	0	0	0	0	0	0	0	0	1	0	0	0	2	0	0
OTU_206	0	0	0	2	0	0	0	2	3	0	0	0	0	0	0	0	0	0	0	0	0	0	0	0	0	0	0	0	5	0	0	0	0	0	0	0	0	0	0
OTU_354	0	0	0	2	0	0	0	2	3	0	0	0	0	0	0	0	0	0	0	0	0	0	0	0	0	0	0	0	5	0	0	0	0	0	0	0	0	0	0
OTU_166	0	0	0	2	0	0	2	0	0	7	0	0	0	0	0	0	0	0	0	23	0	0	0	1	0	0	0	0	24	0	0	0	0	0	0	0	0	0	0
OTU_117	0	0	0	1	0	0	0	4	10	0	0	0	0	115	0	0	4	0	0	0	0	0	13	1	0	0	0	0	22	0	0	1	3	0	0	58	4	0	1
OTU_24	0	0	0	1	0	0	0	4	10	0	0	0	0	115	0	0	4	0	0	0	0	0	13	1	0	0	0	0	22	0	0	1	3	0	0	58	4	0	1
OTU_438	0	0	0	10	0	0	0	0	0	0	0	0	0	0	0	0	0	0	0	0	0	0	0	0	0	0	0	0	0	0	0	0	0	0	0	0	0	0	0
OTU_152	0	0	0	4	0	0	0	0	0	0	1	0	0	1	0	0	2	0	10	0	0	0	0	0	0	0	0	0	3	0	0	0	0	0	0	34	0	0	0
OTU_285	0	0	0	11	0	0	0	0	0	0	1	0	0	2	0	0	3	0	10	0	0	0	0	0	0	0	0	0	3	0	0	0	0	0	0	50	0	0	0
OTU_350	0	0	0	8	0	0	1	0	0	0	0	0	0	0	0	0	0	0	0	9	0	0	0	0	0	0	0	0	0	0	0	0	0	1	0	0	0	0	0
OTU_175	0	0	0	6	0	0	0	0	0	0	0	0	0	0	0	0	0	0	0	0	0	0	0	0	0	0	0	0	0	0	0	0	0	0	16	0	0	0	0
OTU_134	0	0	0	11	0	0	0	0	0	0	0	0	0	0	0	0	0	0	0	0	0	0	0	0	0	0	0	0	0	0	0	0	0	0	7	0	0	0	0
OTU_250	0	0	0	12	0	0	0	0	0	0	0	0	0	0	0	0	0	0	0	0	0	0	0	0	0	0	0	0	0	0	0	0	0	0	0	0	0	0	0
OTU_344	0	0	0	8	0	0	0	0	0	0	0	0	0	19	0	0	0	0	0	17	0	0	0	0	0	0	0	0	0	0	0	0	0	0	0	3	0	0	0
OTU_353	0	0	0	5	0	0	0	0	0	26	0	0	0	33	0	0	0	0	0	0	25	0	0	0	0	0	0	0	18	0	0	0	0	0	0	27	0	0	0
OTU_220	0	0	0	9	0	0	0	0	0	0	0	0	0	0	0	0	0	0	0	27	0	0	0	0	0	0	0	0	0	0	0	0	0	0	2	0	0	0	0
OTU_347	0	0	0	9	0	0	0	0	0	0	0	0	0	0	0	0	0	0	0	27	0	0	0	0	0	0	0	0	0	0	0	0	0	0	2	0	0	0	0
OTU_433	0	0	0	2	0	0	0	0	0	0	0	0	0	0	0	0	0	0	0	0	0	0	0	0	0	0	0	0	0	0	0	0	0	0	0	0	0	0	0
OTU_307	0	0	0	3	0	0	0	0	0	0	0	0	0	0	0	0	0	0	0	0	0	0	0	0	0	0	0	0	0	0	0	0	0	0	0	0	0	0	0
OTU_304	0	0	0	3	0	0	0	0	0	0	0	0	0	0	0	0	0	0	0	0	0	0	0	0	0	0	0	0	0	0	0	0	0	0	5	0	0	0	0
OTU_330	0	0	0	3	0	0	0	0	0	0	0	0	0	0	0	0	0	0	0	0	0	0	0	0	0	0	0	0	0	0	0	0	0	0	0	0	0	0	0
OTU_260	0	0	0	7	0	0	0	0	0	0	0	0	0	0	0	0	0	0	0	0	0	0	0	0	0	0	0	0	0	0	0	0	0	0	6	0	0	0	0
OTU_360	0	0	0	3	0	0	0	4	1	0	0	0	0	1	0	0	1	0	17	0	6	0	1	0	0	0	0	15	4	0	0	1	0	0	1	2	0	0	0
OTU_299	0	0	0	7	0	0	0	0	0	0	0	0	0	0	0	0	0	0	0	0	0	0	0	0	0	0	0	0	0	0	0	0	0	0	1	0	0	0	0
OTU_248	0	0	0	9	0	0	0	0	2	0	0	0	0	22	0	0	6	130	34	0	0	0	0	5	2	3	0	6	0	0	0	0	2	0	7	10	0	0	0
OTU_115	0	0	0	8	0	0	0	3	1	0	0	0	0	9	3	0	5	145	33	63	0	0	0	5	0	0	0	2	0	1	0	0	2	0	4	2	0	2	0
OTU_439	0	0	0	11	0	0	0	0	0	0	0	0	0	0	0	0	0	0	0	0	0	0	0	0	0	0	0	0	0	0	0	0	0	0	0	0	0	0	0
OTU_55	0	0	0	2	3	177	7	0	0	0	0	0	0	0	0	0	0	0	0	2	0	0	0	0	0	0	3	0	0	0	0	0	0	0	2	0	0	0	0
OTU_399	0	0	0	6	0	0	0	0	0	0	0	0	0	0	0	0	0	0	0	0	0	0	0	0	0	0	0	0	0	0	0	0	0	0	0	0	0	0	0
OTU_261	0	0	0	12	0	0	0	0	0	0	0	0	0	0	5	0	0	4	2	45	0	0	0	0	1	3	0	0	0	0	0	0	0	0	8	5	0	0	0
OTU_392	0	0	0	4	0	0	0	0	0	0	0	0	0	0	0	0	0	0	0	0	0	0	0	0	0	0	0	0	0	0	0	0	0	0	1	0	0	0	0
OTU_445	0	0	0	2	0	0	0	0	0	0	0	0	0	0	0	0	0	0	0	0	0	0	0	0	0	0	0	0	11	0	0	0	0	0	2	0	0	0	0
OTU_79	0	0	0	1	0	0	0	0	0	0	0	0	0	6	0	0	0	0	0	0	0	0	0	0	0	0	0	0	0	0	0	0	0	0	0	37	0	1	0
OTU_196	0	0	0	4	0	0	0	0	0	0	0	0	0	0	0	0	0	0	0	0	0	0	0	0	0	0	0	0	0	0	0	0	0	0	16	0	0	0	0
OTU_207	0	0	0	1	0	0	0	5	1	5	0	0	0	6	0	0	0	0	7	0	0	0	0	0	0	0	0	1	0	0	0	1	0	0	0	0	0	0	0
OTU_136	0	0	0	1	0	0	0	5	1	5	0	0	0	6	0	0	0	0	7	0	0	0	0	0	0	0	0	1	0	0	0	1	0	0	0	0	0	0	0
OTU_274	0	0	0	5	0	0	0	0	0	0	0	0	0	0	0	0	0	0	0	0	0	0	0	0	0	0	0	0	0	0	0	0	0	0	0	0	0	0	0
OTU_91	0	0	0	1	0	38	0	0	0	0	0	0	0	0	0	0	0	0	0	0	0	0	0	0	0	0	37	0	0	0	0	0	0	0	0	0	0	0	0
OTU_146	0	0	0	3	0	10	0	0	0	0	0	0	0	2	0	0	0	0	0	0	0	0	0	0	0	0	12	0	0	0	0	0	0	0	1	0	0	0	0
OTU_167	0	0	0	3	0	10	0	0	0	0	0	0	0	2	0	0	0	0	0	0	0	0	0	0	0	0	12	0	0	0	0	0	0	0	1	0	0	0	0
OTU_296	0	0	0	7	0	37	0	0	0	0	0	0	0	0	0	0	2	0	0	4	0	0	2	3	0	0	40	0	0	0	0	0	0	0	0	1	3	0	0
OTU_226	0	0	0	3	0	0	0	0	0	0	0	0	0	0	0	0	0	0	10	0	0	0	0	0	0	0	0	0	0	0	0	0	0	0	0	0	0	0	0
OTU_155	0	0	0	2	0	0	0	0	0	7	0	0	0	0	0	0	0	0	0	0	8	0	0	0	0	0	0	0	0	0	0	0	0	4	0	0	0	0	0
OTU_249	0	0	0	2	0	0	0	0	0	7	0	0	0	0	0	0	0	0	0	0	8	0	0	0	0	0	0	0	0	0	0	0	0	4	0	0	0	0	0
OTU_247	0	0	0	5	0	0	0	0	0	0	0	0	0	0	0	0	0	0	0	0	0	0	0	0	0	0	0	0	0	0	0	0	0	0	0	0	0	0	0
OTU_424	0	0	0	5	0	0	0	0	0	0	0	0	0	0	0	0	0	0	0	0	0	0	0	0	0	0	0	0	0	0	0	0	0	0	4	0	0	0	0
OTU_262	0	0	0	2	0	0	0	0	0	0	0	0	0	0	0	0	0	0	0	0	0	0	0	0	0	0	0	0	0	0	0	0	0	0	13	0	0	0	0
OTU_131	0	0	0	1	0	25	0	0	0	0	0	0	0	16	0	0	0	0	0	0	0	0	0	0	0	2	25	0	0	0	0	0	0	0	0	0	0	0	0
OTU_202	0	0	0	1	0	0	0	0	0	0	0	0	0	6	0	0	0	5	0	0	0	0	0	0	0	0	0	0	0	0	0	0	0	0	0	0	0	0	0
OTU_280	0	0	0	4	0	0	0	0	0	0	0	0	0	0	0	0	0	0	0	0	0	0	0	0	0	0	0	0	0	0	0	0	0	0	13	0	0	0	0
OTU_409	0	0	0	3	0	0	0	0	0	0	0	0	0	0	0	0	0	0	0	0	0	0	0	0	0	0	0	0	0	0	0	0	0	0	0	0	0	0	0
OTU_47	0	0	0	1	0	95	0	0	0	0	0	0	0	0	0	0	0	0	0	0	0	0	0	0	0	0	90	0	0	0	0	0	0	0	0	0	0	0	0
OTU_40	0	0	0	1	0	95	0	0	0	0	0	0	0	0	0	0	0	0	0	0	0	0	0	0	0	0	89	0	0	0	0	0	0	0	0	0	0	0	0
OTU_266	0	0	0	1	0	0	1	0	0	1	0	0	0	0	0	0	0	0	1	169	0	0	0	0	0	0	0	0	0	0	0	0	0	0	0	0	0	1	0
OTU_211	0	0	0	1	0	0	0	0	0	0	0	0	0	0	0	0	0	0	0	0	0	0	0	0	0	0	0	0	0	0	7	0	0	0	0	0	0	0	0
OTU_366	0	0	0	0	10	0	0	0	0	0	0	0	0	0	0	0	0	0	0	0	0	13	0	0	0	0	0	0	0	0	0	0	0	0	0	0	0	0	0
OTU_395	0	0	0	0	10	0	0	0	0	0	0	0	0	0	0	0	0	0	0	0	0	13	0	0	0	0	0	0	0	0	0	0	0	0	0	0	0	0	0
OTU_107	0	0	0	0	17	0	0	0	0	0	0	0	0	0	0	0	0	0	0	0	0	5	0	0	0	0	0	0	0	0	0	0	0	0	0	0	0	0	0
OTU_215	0	0	0	0	17	0	0	0	0	0	0	0	0	0	0	0	0	0	0	0	0	5	0	0	0	0	0	0	0	0	0	0	0	0	0	0	0	0	0
OTU_214	0	0	0	0	7	0	0	0	0	0	0	0	0	0	0	0	0	0	0	0	0	7	0	0	0	0	0	0	0	0	0	0	0	0	0	0	0	0	0
OTU_204	0	0	0	0	7	0	0	0	0	0	0	0	0	0	0	0	0	0	0	0	0	7	0	0	0	0	0	0	0	0	0	0	0	0	0	0	0	0	0
OTU_161	0	0	0	0	15	0	0	0	2	0	0	0	0	0	0	0	0	0	21	0	0	10	0	5	0	2	0	0	4	0	0	0	10	0	0	4	5	0	0
OTU_243	0	0	0	0	2	0	0	0	0	0	0	0	0	0	0	0	0	0	0	0	0	2	0	0	0	0	0	0	0	0	0	4	0	0	0	0	0	0	0
OTU_384	0	0	0	0	2	0	0	0	0	0	0	0	0	0	0	0	0	0	0	0	0	7	0	0	0	0	0	0	0	0	0	0	0	0	0	0	0	0	0
OTU_162	0	0	0	0	8	0	0	0	0	0	0	0	0	0	0	0	0	0	0	0	0	9	0	0	0	0	0	0	0	0	0	0	0	0	0	0	0	0	0
OTU_169	0	0	0	0	8	0	0	0	0	0	0	0	0	0	0	0	0	0	0	0	0	9	0	0	0	0	0	0	0	0	0	0	0	0	0	0	0	0	0
OTU_324	0	0	0	0	4	0	0	0	0	0	0	0	0	0	0	0	0	0	0	0	0	0	0	0	0	0	0	0	0	0	0	0	0	0	0	0	0	0	0
OTU_144	0	0	0	0	1	32	0	1	2	0	0	0	0	0	0	0	0	10	2	0	0	16	0	0	0	0	25	0	0	0	0	0	0	0	2	0	0	0	0
OTU_359	0	0	0	0	1	0	1	0	1	0	0	0	0	0	0	1	0	18	0	0	0	3	0	0	0	0	0	0	1	0	0	0	0	2	0	0	0	0	0
OTU_147	0	0	0	0	1	0	0	0	0	0	0	0	0	0	0	0	0	0	0	0	0	0	0	0	0	0	0	0	0	0	0	0	0	15	0	0	0	0	0
OTU_389	0	0	0	0	1	0	0	0	0	0	0	0	0	0	0	0	0	0	0	0	0	0	0	0	0	0	0	0	0	0	0	0	0	0	0	2	0	0	0
OTU_276	0	0	0	0	0	427	70	1	0	8	0	0	0	0	0	0	0	31	0	13	0	0	1	0	0	0	1	0	0	0	0	0	0	0	0	0	0	0	0
OTU_246	0	0	0	0	0	19	0	0	0	0	0	0	0	0	0	0	0	0	0	0	0	0	0	0	0	0	0	0	0	0	0	0	0	0	0	0	0	0	0
OTU_422	0	0	0	0	0	6	0	0	0	0	0	0	0	0	0	0	0	0	0	0	0	0	0	0	0	0	4	0	0	0	0	0	0	0	0	0	0	0	0
OTU_288	0	0	0	0	0	6	0	0	0	0	0	0	0	0	0	0	0	0	0	0	0	0	0	0	0	0	4	0	0	0	0	0	0	0	0	0	0	0	0
OTU_139	0	0	0	0	0	32	0	0	0	0	0	0	0	0	0	0	0	0	0	0	2	0	0	0	0	5	54	0	2	0	0	0	0	0	0	0	0	0	0
OTU_114	0	0	0	0	0	57	0	0	0	0	0	0	0	0	0	0	0	0	0	0	0	0	0	0	0	0	53	0	0	0	0	0	0	0	0	0	0	0	0
OTU_145	0	0	0	0	0	37	0	0	0	0	0	0	0	0	0	0	0	0	0	0	0	0	0	0	0	0	2	0	0	0	0	0	0	0	0	0	0	0	0
OTU_252	0	0	0	0	0	4	0	0	0	0	0	0	0	0	0	0	0	0	0	0	0	0	0	0	0	0	0	0	0	0	0	0	0	0	0	0	0	0	0
OTU_135	0	0	0	0	0	26	0	0	0	0	0	0	0	0	0	0	0	0	0	0	0	0	0	0	0	0	1	0	0	0	0	0	0	0	0	0	0	0	0
OTU_89	0	0	0	0	0	27	2	0	0	0	0	0	0	0	0	0	0	0	0	0	0	0	0	0	0	0	31	0	0	0	0	0	0	0	0	0	0	0	0
OTU_401	0	0	0	0	0	3	0	0	0	0	0	0	0	0	0	0	0	0	0	0	0	0	0	0	0	0	0	0	0	0	0	0	0	0	0	0	0	0	0
OTU_178	0	0	0	0	0	11	0	0	0	0	0	0	0	0	0	0	0	0	0	0	0	0	0	0	0	0	12	0	0	0	0	0	0	0	0	0	0	0	0
OTU_153	0	0	0	0	0	11	0	0	0	0	0	0	0	0	0	0	0	0	0	0	0	0	0	0	0	0	12	0	0	0	0	0	0	0	0	0	0	0	0
OTU_77	0	0	0	0	0	41	0	0	0	0	0	0	0	0	0	0	0	0	0	0	0	0	0	0	0	0	46	0	0	0	0	0	0	0	0	0	0	0	0
OTU_71	0	0	0	0	0	41	0	0	0	0	0	0	0	0	0	0	0	0	0	0	0	0	0	0	0	0	46	0	0	0	0	0	0	0	0	0	0	0	0
OTU_432	0	0	0	0	0	2	0	0	0	0	0	0	0	0	0	0	0	0	0	0	0	0	0	0	0	0	3	0	0	0	0	0	0	0	0	0	0	0	0
OTU_281	0	0	0	0	0	7	0	0	0	0	0	0	0	0	0	0	1	0	0	0	0	0	0	0	0	0	8	0	2	0	0	0	1	0	0	0	2	0	0
OTU_312	0	0	0	0	0	0	28	0	0	0	0	0	0	0	0	0	0	0	0	13	0	0	0	0	0	0	0	0	0	0	0	0	1	0	0	0	0	0	1
OTU_298	0	0	0	0	0	0	218	4	0	4	0	0	0	0	0	0	0	0	0	0	0	0	0	0	0	0	0	0	0	0	0	0	0	0	0	0	0	46	0
OTU_257	0	0	0	0	0	0	66	0	0	0	0	0	0	0	30	0	0	0	0	2	0	0	1	0	0	0	0	0	0	0	0	0	0	0	0	0	0	0	0
OTU_372	0	0	0	0	0	0	46	0	0	0	0	0	0	0	0	0	0	0	0	0	0	0	0	0	0	0	0	0	0	0	0	0	0	0	0	0	0	0	0
OTU_129	0	0	0	0	0	0	1	0	1	0	0	0	0	0	0	1	0	18	0	0	0	3	0	0	0	0	0	0	1	0	0	0	0	2	0	0	0	0	0
OTU_351	0	0	0	0	0	0	0	7	0	0	0	1	0	41	0	0	2	1	15	0	0	0	0	3	0	0	0	0	0	0	0	0	1	0	0	30	0	0	0
OTU_341	0	0	0	0	0	0	0	10	10	0	0	0	0	0	0	0	0	0	0	0	0	0	0	0	0	0	0	0	0	0	0	0	0	0	0	0	0	0	0
OTU_150	0	0	0	0	0	0	0	2	0	3	0	0	0	0	0	0	0	0	10	0	0	0	0	0	0	0	0	0	0	0	0	0	0	0	0	1	0	0	0
OTU_163	0	0	0	0	0	0	0	13	11	0	0	0	0	0	0	0	0	0	0	0	0	0	0	0	0	0	0	0	0	0	0	0	0	0	0	0	0	0	0
OTU_165	0	0	0	0	0	0	0	13	11	0	0	0	0	0	0	0	0	0	0	0	0	0	0	0	0	0	0	0	0	0	0	0	0	0	0	0	0	0	0
OTU_417	0	0	0	0	0	0	0	12	2	1	0	0	0	0	0	0	0	0	0	0	0	0	0	0	0	0	0	0	0	0	0	0	0	0	0	0	0	0	0
OTU_402	0	0	0	0	0	0	0	1	0	0	0	0	0	0	0	0	0	0	10	0	0	0	0	0	0	0	0	6	0	0	0	0	0	0	0	0	0	0	0
OTU_317	0	0	0	0	0	0	0	0	19	0	0	19	0	15	0	0	0	0	0	0	3	0	0	0	55	1	0	13	0	0	0	0	0	0	0	4	0	23	0
OTU_407	0	0	0	0	0	0	0	0	4	0	0	9	0	0	0	13	0	1	0	0	103	0	0	0	7	28	0	6	0	0	22	0	0	0	0	0	0	0	0
OTU_212	0	0	0	0	0	0	0	0	4	0	0	0	0	0	0	0	0	0	1	0	0	0	0	0	0	0	0	16	0	0	1	0	0	0	0	0	0	0	0
OTU_221	0	0	0	0	0	0	0	0	0	26	0	0	0	16	0	0	0	0	0	0	15	0	14	0	0	0	0	0	18	0	0	0	0	0	0	4	0	0	0
OTU_339	0	0	0	0	0	0	0	0	0	22	0	0	0	9	0	1	0	0	0	5	2	0	2	0	0	0	0	0	0	3	0	0	4	0	0	1	0	0	0
OTU_363	0	0	0	0	0	0	0	0	0	5	0	0	0	0	0	0	0	0	0	0	3	0	0	0	0	0	0	0	0	0	0	0	0	0	0	0	0	0	0
OTU_234	0	0	0	0	0	0	0	0	0	5	0	0	0	0	0	0	0	0	0	0	3	0	0	0	0	0	0	0	0	0	0	0	0	0	0	0	0	0	0
OTU_444	0	0	0	0	0	0	0	0	0	12	0	0	0	0	0	0	0	0	0	0	13	0	0	0	0	0	0	0	0	0	0	0	0	0	0	0	0	0	0
OTU_420	0	0	0	0	0	0	0	0	0	14	0	0	0	0	0	0	0	6	0	0	17	0	0	0	0	0	0	0	0	0	0	0	0	0	0	0	0	0	0
OTU_320	0	0	0	0	0	0	0	0	0	17	0	0	0	0	0	0	0	0	0	0	8	0	0	0	0	0	0	0	0	0	0	0	0	0	0	0	0	0	0
OTU_177	0	0	0	0	0	0	0	0	0	16	0	0	0	0	0	0	0	0	0	0	24	0	1	0	0	0	0	0	0	0	0	0	0	0	0	0	0	0	0
OTU_123	0	0	0	0	0	0	0	0	0	16	0	0	0	0	0	0	0	0	0	0	24	0	1	0	0	0	0	0	0	0	0	0	0	0	0	0	0	0	0
OTU_148	0	0	0	0	0	0	0	0	0	6	1	0	0	0	0	0	1	0	0	0	8	0	8	1	0	0	0	0	0	0	0	0	0	0	0	0	0	0	0
OTU_223	0	0	0	0	0	0	0	0	0	6	1	0	0	0	0	0	1	0	0	0	8	0	8	1	0	0	0	0	0	0	0	0	0	0	0	0	0	0	0
OTU_436	0	0	0	0	0	0	0	0	0	4	0	0	0	0	0	0	0	0	0	0	5	0	0	0	0	0	0	0	0	0	0	0	0	0	0	0	0	0	0
OTU_381	0	0	0	0	0	0	0	0	0	8	0	0	0	0	0	0	0	0	0	0	4	0	1	0	11	0	0	0	0	1	0	0	0	10	0	0	0	10	0
OTU_382	0	0	0	0	0	0	0	0	0	8	0	0	0	0	0	0	0	0	0	0	4	0	1	0	9	0	0	0	0	1	0	0	0	10	0	0	0	10	0
OTU_418	0	0	0	0	0	0	0	0	0	3	0	0	0	0	0	0	0	0	0	0	4	0	0	0	0	0	0	0	0	0	0	0	0	0	0	0	0	0	0
OTU_431	0	0	0	0	0	0	0	0	0	4	0	0	0	0	0	0	0	0	0	0	5	0	0	0	0	0	0	0	0	0	0	0	0	0	0	0	0	0	0
OTU_325	0	0	0	0	0	0	0	0	0	4	0	0	0	0	0	0	0	0	0	0	5	0	0	0	0	0	0	0	0	0	0	0	0	0	0	0	0	0	0
OTU_172	0	0	0	0	0	0	0	0	0	9	0	0	0	0	0	0	0	0	0	0	7	0	0	0	0	0	0	0	0	0	0	0	0	0	0	0	0	0	0
OTU_297	0	0	0	0	0	0	0	0	0	9	0	0	0	0	0	0	0	0	0	0	7	0	0	0	0	0	0	0	0	0	0	0	0	0	0	0	0	0	0
OTU_440	0	0	0	0	0	0	0	0	0	1	0	0	0	0	0	0	0	0	0	0	2	0	0	0	0	0	0	0	0	0	0	0	0	0	0	0	0	0	0
OTU_219	0	0	0	0	0	0	0	0	0	6	0	0	0	0	0	0	0	0	0	0	3	0	0	0	8	0	0	0	0	0	0	0	0	0	0	0	0	2	0
OTU_375	0	0	0	0	0	0	0	0	0	6	0	0	0	0	0	0	0	0	0	0	3	0	0	0	8	0	0	0	0	0	0	0	0	0	0	0	0	2	0
OTU_190	0	0	0	0	0	0	0	0	0	3	5	0	0	0	0	0	0	7	0	0	2	0	0	0	0	0	0	0	0	0	0	0	0	0	0	0	0	0	0
OTU_200	0	0	0	0	0	0	0	0	0	3	5	0	0	0	0	0	0	7	0	0	2	0	0	0	0	0	0	0	0	0	0	0	0	0	0	0	0	0	0
OTU_391	0	0	0	0	0	0	0	0	0	1	0	0	0	0	0	15	0	1	0	1	137	1	1	0	0	12	0	0	0	0	0	0	0	0	0	0	0	0	0
OTU_181	0	0	0	0	0	0	0	0	0	1	0	0	0	0	0	0	0	0	0	0	0	0	0	0	0	0	0	0	0	0	11	0	0	2	0	0	0	0	0
OTU_327	0	0	0	0	0	0	0	0	0	0	22	0	0	0	0	0	0	0	0	0	0	0	0	0	0	0	0	0	0	0	0	0	0	0	0	0	0	0	0
OTU_315	0	0	0	0	0	0	0	0	0	0	3	0	0	0	0	0	0	0	0	0	0	0	0	0	0	0	0	0	0	0	0	0	0	0	0	0	0	0	0
OTU_425	0	0	0	0	0	0	0	0	0	0	2	0	0	0	0	0	0	0	0	0	0	0	0	0	0	0	0	0	0	0	0	0	0	0	0	0	0	0	0
OTU_38	0	0	0	0	0	0	0	0	0	0	0	0	0	41	0	0	0	0	0	0	0	0	0	0	0	0	0	0	0	0	10	0	0	0	0	62	0	0	0
OTU_121	0	0	0	0	0	0	0	0	0	0	0	0	0	0	1	0	0	0	0	19	0	0	0	0	0	0	0	0	0	0	0	0	0	0	0	0	0	0	0
OTU_338	0	0	0	0	0	0	0	0	0	0	0	0	0	0	0	11	0	0	0	0	0	0	0	0	0	0	0	0	0	0	0	0	0	0	0	0	0	0	0
OTU_293	0	0	0	0	0	0	0	0	0	0	0	0	0	0	0	0	1	0	0	0	0	3	0	0	0	0	0	0	0	0	0	0	0	0	0	0	0	0	0
OTU_109	0	0	0	0	0	0	0	0	0	0	0	0	0	0	0	0	0	22	0	0	0	0	0	0	0	0	0	0	0	0	0	0	0	0	0	2	0	0	0
OTU_390	0	0	0	0	0	0	0	0	0	0	0	0	0	0	0	0	0	23	0	0	0	0	0	0	0	0	0	0	0	0	0	0	0	0	0	0	0	0	0
OTU_416	0	0	0	0	0	0	0	0	0	0	0	0	0	0	0	0	0	3	0	0	0	0	0	0	0	0	0	0	0	0	0	0	0	0	0	0	0	0	0
OTU_259	0	0	0	0	0	0	0	0	0	0	0	0	0	0	0	0	0	8	0	0	0	0	0	0	0	0	0	0	0	0	0	0	0	0	0	0	0	0	0
OTU_342	0	0	0	0	0	0	0	0	0	0	0	0	0	0	0	0	0	3	0	0	0	0	0	0	0	0	0	0	0	0	0	0	0	0	0	0	0	0	0
OTU_271	0	0	0	0	0	0	0	0	0	0	0	0	0	0	0	0	0	1	0	0	0	0	0	0	0	0	0	0	0	4	0	0	0	0	0	0	1	0	0
OTU_421	0	0	0	0	0	0	0	0	0	0	0	0	0	0	0	0	0	11	0	0	0	0	0	0	0	0	0	0	0	0	0	0	0	0	0	0	0	0	0
OTU_337	0	0	0	0	0	0	0	0	0	0	0	0	0	0	0	0	0	6	0	0	0	0	0	0	0	0	0	0	0	0	0	0	0	0	0	0	0	0	0
OTU_224	0	0	0	0	0	0	0	0	0	0	0	0	0	0	0	0	0	0	7	0	0	0	0	0	0	0	0	0	3	0	0	0	0	0	0	13	0	0	0
OTU_245	0	0	0	0	0	0	0	0	0	0	0	0	0	0	0	0	0	0	10	0	0	0	0	0	0	0	0	6	0	0	0	0	0	0	0	0	0	0	0
OTU_205	0	0	0	0	0	0	0	0	0	0	0	0	0	0	0	0	0	0	5	0	0	0	0	0	0	0	0	0	0	0	0	0	0	0	0	0	0	0	0
OTU_217	0	0	0	0	0	0	0	0	0	0	0	0	0	0	0	0	0	0	17	0	0	0	0	0	0	0	0	0	0	0	0	0	0	0	1	0	0	0	0
OTU_244	0	0	0	0	0	0	0	0	0	0	0	0	0	0	0	0	0	0	14	0	0	0	0	0	0	0	0	0	0	0	0	0	0	0	0	0	0	0	0
OTU_430	0	0	0	0	0	0	0	0	0	0	0	0	0	0	0	0	0	0	7	0	0	0	0	0	0	0	0	0	0	0	0	0	0	0	0	0	0	0	0
OTU_210	0	0	0	0	0	0	0	0	0	0	0	0	0	0	0	0	0	0	0	28	0	0	0	0	0	0	0	0	0	0	0	0	0	0	0	0	0	0	0
OTU_380	0	0	0	0	0	0	0	0	0	0	0	0	0	0	0	0	0	0	0	17	0	0	1	0	0	0	0	0	0	0	0	0	0	0	0	0	0	0	0
OTU_231	0	0	0	0	0	0	0	0	0	0	0	0	0	0	0	0	0	0	0	23	0	0	0	0	0	0	0	0	7	0	0	0	0	0	0	0	0	0	0
OTU_92	0	0	0	0	0	0	0	0	0	0	0	0	0	0	0	0	0	0	0	23	0	0	0	0	0	0	0	0	7	0	0	0	0	0	0	0	0	0	0
OTU_216	0	0	0	0	0	0	0	0	0	0	0	0	0	0	0	0	0	0	0	5	0	0	0	0	0	0	0	0	0	0	2	0	0	0	0	0	0	0	0
OTU_379	0	0	0	0	0	0	0	0	0	0	0	0	0	0	0	0	0	0	0	5	0	0	0	0	0	0	0	0	0	0	2	0	0	0	0	0	0	0	0
OTU_174	0	0	0	0	0	0	0	0	0	0	0	0	0	0	0	0	0	0	0	47	0	0	0	0	0	0	0	0	0	0	0	0	0	0	0	0	0	0	0
OTU_94	0	0	0	0	0	0	0	0	0	0	0	0	0	0	0	0	0	0	0	23	0	0	0	0	0	0	0	0	0	0	0	0	0	0	0	0	0	0	0
OTU_377	0	0	0	0	0	0	0	0	0	0	0	0	0	0	0	0	0	0	0	19	0	0	0	0	0	0	0	0	0	0	0	0	0	0	0	0	0	0	0
OTU_423	0	0	0	0	0	0	0	0	0	0	0	0	0	0	0	0	0	0	0	2	0	0	0	0	0	0	0	0	0	0	0	0	0	0	0	0	0	0	0
OTU_209	0	0	0	0	0	0	0	0	0	0	0	0	0	0	0	0	0	0	0	31	0	0	0	0	0	0	0	0	0	0	0	0	0	0	0	0	0	0	0
OTU_356	0	0	0	0	0	0	0	0	0	0	0	0	0	0	0	0	0	0	0	0	1	0	0	0	0	0	0	0	1	0	0	1	0	0	0	0	0	0	0
OTU_406	0	0	0	0	0	0	0	0	0	0	0	0	0	0	0	0	0	0	0	0	0	0	18	0	0	0	0	0	0	0	0	0	0	0	0	0	0	0	0
OTU_373	0	0	0	0	0	0	0	0	0	0	0	0	0	0	0	0	0	0	0	0	0	0	0	0	10	0	0	0	0	0	0	0	0	0	0	0	0	1	0
OTU_286	0	0	0	0	0	0	0	0	0	0	0	0	0	0	0	0	0	0	0	0	0	0	0	0	0	0	0	0	11	0	0	0	0	0	0	0	0	0	0
OTU_369	0	0	0	0	0	0	0	0	0	0	0	0	0	0	0	0	0	0	0	0	0	0	0	0	0	0	0	0	7	0	0	0	0	0	2	0	0	0	0
OTU_335	0	0	0	0	0	0	0	0	0	0	0	0	0	0	0	0	0	0	0	0	0	0	0	0	0	0	0	0	7	0	0	0	0	0	0	0	0	0	0
OTU_268	0	0	0	0	0	0	0	0	0	0	0	0	0	0	0	0	0	0	0	0	0	0	0	0	0	0	0	0	0	0	6	0	0	0	0	0	0	0	0
OTU_378	0	0	0	0	0	0	0	0	0	0	0	0	0	0	0	0	0	0	0	0	0	0	0	0	0	0	0	0	0	0	6	0	0	0	0	0	0	0	0
OTU_275	0	0	0	0	0	0	0	0	0	0	0	0	0	0	0	0	0	0	0	0	0	0	0	0	0	0	0	0	0	0	2	0	0	1	0	5	0	0	0
OTU_242	0	0	0	0	0	0	0	0	0	0	0	0	0	0	0	0	0	0	0	0	0	0	0	0	0	0	0	0	0	0	5	0	0	0	0	0	0	0	0
OTU_267	0	0	0	0	0	0	0	0	0	0	0	0	0	0	0	0	0	0	0	0	0	0	0	0	0	0	0	0	0	0	0	0	5	0	0	0	2	0	0
OTU_287	0	0	0	0	0	0	0	0	0	0	0	0	0	0	0	0	0	0	0	0	0	0	0	0	0	0	0	0	0	0	0	0	4	0	0	0	0	0	0
OTU_413	0	0	0	0	0	0	0	0	0	0	0	0	0	0	0	0	0	0	0	0	0	0	0	0	0	0	0	0	0	0	0	0	2	0	0	0	0	0	0
OTU_376	0	0	0	0	0	0	0	0	0	0	0	0	0	0	0	0	0	0	0	0	0	0	0	0	0	0	0	0	0	0	0	0	1	0	0	25	0	0	0
OTU_343	0	0	0	0	0	0	0	0	0	0	0	0	0	0	0	0	0	0	0	0	0	0	0	0	0	0	0	0	0	0	0	0	0	11	0	0	0	0	0
OTU_282	0	0	0	0	0	0	0	0	0	0	0	0	0	0	0	0	0	0	0	0	0	0	0	0	0	0	0	0	0	0	0	0	0	0	6	0	0	0	0
OTU_345	0	0	0	0	0	0	0	0	0	0	0	0	0	0	0	0	0	0	0	0	0	0	0	0	0	0	0	0	0	0	0	0	0	0	0	16	0	7	0
OTU_316	0	0	0	0	0	0	0	0	0	0	0	0	0	0	0	0	0	0	0	0	0	0	0	0	0	0	0	0	0	0	0	0	0	0	0	17	0	0	0
OTU_367	0	0	0	0	0	0	0	0	0	0	0	0	0	0	0	0	0	0	0	0	0	0	0	0	0	0	0	0	0	0	0	0	0	0	0	5	0	0	0
