SD-8-Bacteria-1	SD-4-Bacteria-1	HFD-7-Bacteria-1	HFD-3-Bacteria-1	HFD-4-Bacteria-1	HFD-1-Bacteria-1	HFD-5-Bacteria-1	HFD-9-Bacteria-1	SD-1-Bacteria-1	SD-6-Bacteria-1	HFD-8-Bacteria-1	SD-9-Bacteria-1	SD-7-Bacteria-1	HFD-2-Bacteria-1	HFD-6-Bacteria-1	SD-3-Bacteria-1	SD-5-Bacteria-1	SD-2-Bacteria-1
OTU_4	27775	11635	9	63	2	82	6	19	4400	23701	18	38703	1289	43	60	18313	4676	6945
OTU_22	1617	5251	269	1	226	2	153	0	4396	72	2	3580	71	2	0	1737	743	1725
OTU_44	6140	27	2	2	1	0	0	0	270	4	1	0	0	0	0	157	0	31
OTU_92	178	56	85	536	168	78	233	91	36	136	77	69	239	295	308	92	107	100
OTU_21	2002	383	2202	1156	1489	1144	2911	496	862	911	3160	2790	210	1412	4032	148	1171	581
OTU_27	4145	2	20	5	13	1	4	3	742	5497	28	109	49	34	13	164	121	4346
OTU_94	1317	2	1	0	0	1	0	0	740	520	0	2135	132	0	0	0	2001	455
OTU_11	18993	2197	6	25	839	17	434	109	14580	289	172	2383	185	30	243	2191	1076	9571
OTU_26	2763	5465	10	99	11	75	5	1	2655	9	3	58	9	450	0	4079	91	1238
OTU_20	5953	5376	650	11	298	8	395	7	2475	1024	4	1952	492	18	2	1521	2478	4460
OTU_111	228	559	203	5	131	43	112	33	133	299	118	257	22	41	79	476	92	93
OTU_65	926	33	777	11	284	52	235	0	877	77	0	1	3	48	0	63	163	307
OTU_75	1180	898	0	39	0	32	2	234	835	8	419	229	0	39	364	337	2	1001
OTU_45	7992	866	5	1107	0	49	2	64	547	1042	5	0	3	29	8	142	31	434
OTU_88	3015	1	0	0	0	0	0	33	3	18	1	1	1	138	40	22	2	3
OTU_1	26094	38078	15	28	24	6	53	7	27794	19652	5	9404	42	10	10	31337	42579	27981
OTU_24	4157	401	137	1080	744	1058	497	7	4565	108	9	56	309	152	7	1495	575	2094
OTU_12	5941	3606	236	117	349	517	315	154	4940	6813	1767	4876	403	916	643	4317	3701	2701
OTU_15	1532	958	69	331	4326	404	1012	462	477	134	4739	665	2213	504	442	2433	2773	215
OTU_18	2989	1511	1161	113	1265	235	1734	704	3269	912	1480	1147	109	397	1432	1908	1122	1603
OTU_80	2531	76	1	34	18	135	17	0	2041	45	0	0	12	54	0	122	141	1584
OTU_40	910	72	93	1089	208	1603	230	2	817	41	0	18	94	2095	0	331	19	224
OTU_335	138	0	0	0	0	0	0	0	9	1	0	0	0	0	0	4	0	0
OTU_107	72	16	25	50	300	54	59	0	4	28	0	17	138	563	0	27	19	62
OTU_90	749	385	4	27	469	87	113	0	106	46	0	109	167	101	1	348	246	302
OTU_141	232	8	2	0	0	0	0	71	16	45	17	23	6	592	112	100	0	23
OTU_290	95	0	0	0	0	0	0	0	0	0	0	0	0	0	0	44	0	3
OTU_49	1440	369	5	1	51	3	63	2	730	522	20	894	20	11	12	439	264	238
OTU_67	1111	717	0	0	2	1	4	3	1062	211	1	906	60	1	1	102	157	465
OTU_208	491	0	0	0	0	0	0	0	0	0	0	0	1	0	0	0	0	0
OTU_48	969	576	2	35	81	22	84	8	2078	141	62	494	76	25	18	418	1098	304
OTU_29	6450	1875	100	45	348	46	223	240	1224	1450	698	2938	242	109	535	1403	2221	4269
OTU_73	3069	0	0	0	0	1	0	0	34	0	0	0	0	0	0	1	0	356
OTU_5	311	702	42557	308	5619	6224	4532	17610	1046	296	13120	114	55	4059	27288	1357	1448	1291
OTU_66	925	981	1306	44	3253	148	2887	209	1255	116	2026	757	45	80	533	925	425	720
OTU_31	2321	1616	0	1	2	1	2	1	1349	3536	0	3137	627	1	0	611	4947	711
OTU_33	4368	2147	1	3	0	2	0	1	2089	745	1	1067	162	5	0	342	3491	2014
OTU_2	1847	7749	322	68576	8	47076	6	15466	194	6	30865	9907	18	21941	4542	88	7	90
OTU_127	229	3	0	0	0	0	0	0	1	6	0	15	1	0	0	4	414	164
OTU_36	785	242	2086	200	560	402	808	2	369	565	0	153	42	773	0	806	557	156
OTU_74	833	517	82	55	47	15	101	0	297	49	0	402	8	35	0	833	46	127
OTU_19	2248	6	1641	10	2	4	18	9	6	262	19	0	41	21685	10	3	9	56
OTU_179	241	0	0	0	0	0	1	0	193	548	27	0	49	3	24	3	542	914
OTU_43	815	157	17	86	1300	184	292	0	162	575	0	119	1055	383	0	584	940	595
OTU_487	1	1	0	0	4	0	2	0	0	0	1	0	0	0	0	0	0	0
OTU_72	1166	872	18	50	124	71	135	4	993	355	0	724	71	257	0	460	417	637
OTU_25	329	321	72	367	6543	1009	1746	521	179	55	2431	179	539	2506	260	235	613	337
OTU_331	695	573	1	0	1	0	0	3	262	476	18	495	73	0	1	477	581	128
OTU_37	1319	1454	27	404	183	14	204	181	693	664	381	851	124	37	112	814	777	664
OTU_41	561	1507	0	2	1	1	0	0	73	13	0	5335	3	2	0	23	1	254
OTU_39	193	7	1	649	0	138	3	0	106	234	0	15	1346	3899	0	106	672	1676
OTU_459	954	465	0	0	0	1	0	0	419	155	0	216	34	2	0	64	638	419
OTU_64	967	501	1	11	22	10	35	0	1322	177	0	678	77	33	0	219	544	297
OTU_194	309	17	1	0	0	0	0	0	1	1	0	4	5	0	0	6	23	5
OTU_10	511	1601	15202	9520	4522	17852	3598	8492	8654	944	2966	1442	8	961	1742	173	21	884
OTU_56	780	105	39	807	352	659	336	94	1751	26	962	215	23	401	220	101	175	454
OTU_47	1518	0	1	0	1	0	1	0	1247	1138	0	292	247	0	2	1	837	1304
OTU_93	210	87	315	121	101	97	212	0	215	307	0	161	25	162	1	253	99	164
OTU_63	329	1	0	16	24	4	82	2	21	29	10	38	72	10	29	0	2	3466
OTU_478	79	39	0	0	0	0	0	0	165	11	0	3	1	0	0	110	64	71
OTU_86	1102	624	151	53	418	53	474	1	540	598	1	378	97	270	0	689	513	367
OTU_159	57	0	6	0	0	0	0	161	32	0	1	0	0	293	64	0	0	7
OTU_51	296	759	1	0	0	1	0	0	583	491	0	0	109	0	0	672	2151	359
OTU_17	46	4	6	854	157	11	4741	10	5	1467	396	11	1041	46	15355	0	31	25
OTU_69	1104	1082	0	3	0	0	0	0	1190	181	1	805	66	0	0	242	507	578
OTU_126	127	25	0	0	0	0	0	0	314	22	0	225	2	0	0	145	0	54
OTU_348	18	0	0	0	0	0	0	0	0	41	0	0	0	0	0	1	0	18
OTU_84	142	7	4	103	34	1	76	0	20	555	0	34	1286	1	0	28	241	87
OTU_6	454	1425	7926	106	8146	17619	16328	19953	234	113	5633	7	284	4566	11884	94	2004	3602
OTU_455	24	14	0	0	0	0	0	0	6	46	0	27	15	1	0	32	11	20
OTU_300	9	0	0	0	0	0	0	0	5	0	1	0	0	0	0	0	0	75
OTU_318	22	0	0	1	0	1	0	0	0	2	0	7	0	2	4	0	2	0
OTU_77	433	113	11	8	1579	28	320	417	22	169	375	17	930	396	283	62	737	170
OTU_156	55	8	7	3	6	2	15	0	26	168	1	113	279	83	20	64	50	191
OTU_55	266	2144	10	55	5	11	3	0	217	78	0	218	1	9	0	877	92	15
OTU_62	463	303	161	1519	229	1692	135	296	575	180	286	24	49	2661	145	527	214	106
OTU_89	943	116	32	3	16	3	147	3	34	112	6	117	176	1096	19	622	9	1959
OTU_112	130	1	7	0	2	15	0	3	32	14	3	0	53	7	4	2	90	825
OTU_82	276	115	33	67	644	108	191	7	438	45	98	48	143	528	26	193	582	126
OTU_197	312	1	0	0	0	0	0	0	0	1	0	0	0	0	0	8	0	3
OTU_146	149	0	0	0	0	0	1	0	460	0	0	0	0	0	0	0	0	213
OTU_50	132	27	135	638	363	50	1444	280	63	212	304	69	433	1734	2335	321	48	347
OTU_200	74	2	25	3	0	0	12	2	28	45	2	3	39	2	14	107	1	10
OTU_412	9	5	6	0	5	0	3	0	1	6	0	0	0	0	0	12	0	3
OTU_337	544	10	4	7	8	7	6	1	150	1	0	3	0	11	0	10	3	155
OTU_273	128	0	0	0	0	0	0	0	0	8	3	0	1	0	1	0	0	2
OTU_241	559	18	32	0	1	0	20	6	75	61	0	139	2165	0	1	44	8	610
OTU_295	47	0	0	1	7	0	52	0	4	13	0	2	107	2	0	78	4	5
OTU_511	260	176	0	0	0	0	0	0	69	191	0	209	14	1	0	139	49	109
OTU_102	536	169	19	20	37	3	35	16	392	28	16	49	23	16	14	134	132	406
OTU_416	64	16	0	1	0	0	0	4	8	106	67	0	0	20	3	190	1	41
OTU_172	151	3	0	0	0	0	0	0	2	47	0	0	75	0	0	11	268	131
OTU_302	12	11	0	0	0	0	0	0	5	3	1	0	2	0	11	25	1	73
OTU_357	26	0	17	9	426	28	118	0	24	10	1	5	23	34	0	0	62	27
OTU_373	96	6	0	0	2	0	2	0	67	16	0	26	2	0	0	2	17	25
OTU_81	64	0	6	67	1698	65	398	26	0	26	240	0	1	718	48	0	206	80
OTU_153	40	32	64	114	37	6	180	5	53	37	7	18	109	41	18	289	5	56
OTU_109	207	284	15	6	74	3	29	0	116	97	0	442	24	1	0	302	209	77
OTU_83	334	300	262	122	152	100	230	0	278	237	0	320	12	238	0	176	154	154
OTU_276	106	1	3	0	0	0	0	20	49	22	1	14	9	135	18	9	0	33
OTU_464	110	33	0	0	0	0	0	0	11	32	0	82	1	1	0	23	13	38
OTU_219	118	0	218	9	402	6	578	1	35	11	13	7	81	147	386	0	5	494
OTU_189	215	31	0	0	0	0	0	0	46	0	0	0	0	0	0	52	0	83
OTU_272	136	4	1	0	0	0	0	0	0	4	0	0	0	0	0	7	0	9
OTU_223	17	0	3	1	0	0	0	0	6	0	3	13	178	0	7	22	1	65
OTU_245	8	0	0	0	0	0	0	0	4	0	0	52	0	0	0	0	0	69
OTU_228	43	3	0	0	0	0	0	1	0	8	0	56	63	0	0	151	2	0
OTU_76	35	17	87	68	189	20	495	152	28	244	110	77	1135	536	865	270	83	140
OTU_123	129	10	17	12	1	1	53	3	143	50	9	8	499	1	60	19	4	474
OTU_53	317	32	16	1	7	0	170	11	47	185	12	542	2247	2	72	651	195	937
OTU_292	15	8	1	0	31	2	11	0	0	3	0	5	15	13	0	6	16	0
OTU_400	143	0	6	0	0	0	1	0	1	73	0	0	1	0	0	1	0	11
OTU_232	139	25	0	0	0	0	0	0	2	0	0	0	0	0	0	0	0	4
OTU_136	210	8	7	2	36	0	25	0	209	8	0	0	2	86	0	8	20	50
OTU_176	13	0	22	0	11	0	86	13	14	0	5	20	36	1	296	6	0	11
OTU_124	26	8	1	12	0	0	10	1	32	307	0	74	287	54	0	36	40	108
OTU_131	168	1	1	0	0	0	0	0	115	323	0	144	9	0	0	0	14	49
OTU_113	36	7	172	227	33	85	46	203	22	14	100	15	57	428	282	14	13	20
OTU_193	48	30	25	0	0	0	0	58	0	17	49	12	3	269	207	63	4	2
OTU_248	45	7	6	12	10	21	11	10	11	77	9	38	32	64	30	14	52	23
OTU_70	28	8	67	338	111	20	701	172	11	20	150	38	67	1375	709	61	24	44
OTU_224	119	0	1	0	0	0	0	1	0	0	0	1	2	0	0	0	0	200
OTU_261	78	3	0	0	0	0	0	0	7	2	0	0	3	0	0	5	3	7
OTU_522	3	0	0	0	0	1	0	0	0	1	0	2	1	0	0	0	0	9
OTU_114	196	115	0	0	0	1	0	1	464	2	1	12	7	0	0	86	16	159
OTU_391	131	0	0	0	0	0	0	0	0	1	0	0	0	0	0	0	0	0
OTU_178	143	5	0	8	0	0	0	41	31	4	34	21	0	206	87	10	5	57
OTU_489	34	8	0	0	0	0	0	0	8	15	0	24	0	0	0	11	8	12
OTU_79	36	5	16	7	67	0	136	13	65	2111	0	3	258	41	9	63	23	430
OTU_16	111	439	2459	23	1915	5794	5642	3287	34	11	1100	9	62	1412	2498	50	228	392
OTU_137	64	4	37	14	38	1	111	26	69	302	9	13	99	17	53	107	16	389
OTU_485	5	2	48	10	33	2	191	22	1	3	45	0	60	27	119	26	2	22
OTU_3	187	29	17234	9549	6076	19653	5793	58277	28	87	17145	11218	19	1632	14206	17	223	15
OTU_38	109	2216	43	5859	1754	3104	1011	3	76	41	1	219	221	7848	1	1795	248	588
OTU_203	336	333	1	0	0	0	2	0	276	355	0	126	1	0	1	420	375	488
OTU_61	105	89	600	89	307	12	901	138	17	621	204	309	277	225	2877	315	82	229
OTU_458	84	75	0	0	0	0	0	0	32	83	0	73	3	0	0	107	29	35
OTU_42	40	62	110	2632	332	703	132	534	262	20	1171	6	2	1042	136	45	6	20
OTU_437	23	19	87	0	117	7	141	13	25	7	52	27	4	2	19	23	9	22
OTU_152	201	106	0	0	0	0	0	0	4	43	0	88	17	2	0	40	152	14
OTU_121	16	6	0	1	0	0	0	0	146	1	0	0	1035	0	0	264	42	3
OTU_58	40	0	54	491	1676	425	464	130	51	58	391	16	3	986	59	2	6	70
OTU_101	135	117	123	157	110	145	227	0	251	122	0	112	14	289	1	97	41	160
OTU_352	1	1	0	1	0	1	1	0	7	2	3	1	1	5	0	2	1	11
OTU_97	268	207	90	10	231	31	164	0	168	200	0	263	43	87	0	239	485	123
OTU_237	37	0	0	0	0	0	0	0	2	2	0	4	10	1	0	5	2	164
OTU_238	30	4	2	62	2	3	10	12	14	7	5	6	18	4	30	12	3	15
OTU_442	11	0	0	0	0	0	0	0	0	3	0	2	1	0	0	1	4	0
OTU_85	61	37	6	67	891	458	496	206	12	17	138	31	0	985	30	45	1	32
OTU_264	32	12	25	76	16	12	158	67	34	93	266	75	215	196	619	189	10	94
OTU_268	8	7	0	0	0	0	0	0	19	9	1	12	7	0	0	4	10	50
OTU_98	13	2	2	11	8	0	24	0	3	116	2	2	1667	74	5	99	325	269
OTU_35	47	10	177	231	190	61	1395	577	94	266	507	27	776	1804	5282	168	142	274
OTU_198	36	0	7	0	0	0	0	0	0	86	3	13	5	525	31	0	1	34
OTU_147	34	14	0	13	0	2	0	0	235	17	1	4	1	135	0	58	135	27
OTU_424	52	6	0	0	10	1	4	0	38	5	1	10	6	0	7	12	2	55
OTU_390	79	21	1	2	1	1	3	0	14	10	2	17	2	3	1	8	15	39
OTU_343	8	3	0	32	0	3	2	5	7	3	11	3	112	4	0	22	2	77
OTU_417	14	0	0	0	0	0	0	0	0	0	1	25	0	0	0	0	0	19
OTU_104	21	13	0	0	0	0	10	1	421	37	2	82	1863	3	24	59	3	160
OTU_449	22	1	0	0	0	0	0	0	0	16	0	0	0	0	0	7	0	0
OTU_91	47	31	96	23	177	61	450	177	20	245	203	34	285	758	1197	167	85	83
OTU_174	5	0	0	0	0	0	0	0	12	2	0	13	214	0	0	122	44	9
OTU_143	9	5	1	1	2	0	4	8	10	19	97	17	344	55	375	43	9	50
OTU_95	31	20	302	357	17	1038	43	30	174	18	128	17	39	35	56	26	26	32
OTU_117	39	16	5	21	1	2	0	4	311	21	0	0	35	55	3	432	0	649
OTU_311	8	4	0	0	2	0	14	0	1	1	0	2	0	0	0	48	0	68
OTU_259	23	0	0	0	0	0	0	0	18	0	0	0	2	0	0	51	0	18
OTU_402	11	2	0	0	0	0	0	0	0	14	0	0	0	0	0	6	0	7
OTU_451	56	6	0	0	0	0	0	0	47	1	1	10	0	0	0	2	2	28
OTU_135	17	0	9	17	212	44	86	81	13	3	796	3	8	62	243	1	19	16
OTU_134	40	6	21	60	40	29	253	37	112	42	21	0	26	195	23	70	95	14
OTU_100	67	58	241	171	73	10	1404	61	76	428	64	174	298	300	494	433	55	425
OTU_254	21	0	30	25	10	2	65	0	1	18	7	12	33	45	57	7	9	23
OTU_313	41	1	0	0	0	0	0	1	0	1	0	0	0	1	0	0	0	18
OTU_239	21	53	2	3	4	1	0	0	13	3	0	23	2	5	0	29	0	9
OTU_157	110	1	0	2	0	1	0	0	54	211	0	269	4	8	0	1	97	34
OTU_182	49	28	24	20	9	2	52	6	34	140	35	61	68	17	93	241	1	59
OTU_32	74	47	194	20	7358	24	2257	29	232	122	188	10	70	54	78	2010	215	29
OTU_376	80	10	2	0	0	0	0	18	0	5	1	3	0	10	28	12	2	3
OTU_265	5	1	0	0	0	0	0	0	1	2	0	0	0	0	0	13	163	1
OTU_408	35	0	0	0	0	0	0	0	9	0	0	0	0	0	0	0	0	14
OTU_359	23	0	0	0	0	0	0	0	0	0	0	0	0	0	0	0	0	0
OTU_327	29	674	0	0	0	0	0	0	2	328	0	478	15	0	0	201	448	7
OTU_257	5	1	24	33	15	1	18	10	5	7	6	3	11	9	54	1	1	7
OTU_510	23	34	0	1	0	0	0	0	16	0	0	0	1	1	0	22	0	8
OTU_270	5	0	2	0	1	0	0	13	2	0	4	0	1	20	45	0	0	4
OTU_334	10	2	1	1	1	3	2	2	42	1	2	10	2	0	5	9	5	53
OTU_341	20	7	0	0	0	0	0	0	0	6	0	0	1	2	0	1	5	58
OTU_360	35	0	0	0	0	0	0	0	0	0	0	0	0	0	0	0	0	0
OTU_243	56	0	0	0	0	0	0	0	9	0	1	0	0	0	0	0	4	84
OTU_269	28	61	13	516	0	600	1	322	1	0	362	91	0	239	98	1	0	3
OTU_379	5	0	0	2	0	6	0	0	5	0	0	5	0	3	0	0	0	5
OTU_441	5	4	1	3	3	5	3	5	6	1	4	1	3	5	2	2	1	3
OTU_255	2	4	0	35	7	0	36	5	3	6	5	4	12	51	20	8	0	8
OTU_353	20	56	58	459	214	37	594	141	21	27	54	4	65	174	1721	426	27	75
OTU_185	21	0	0	0	240	0	37	6	7	2	10	0	0	6	6	0	0	38
OTU_307	26	2	0	0	0	0	0	0	5	0	0	0	0	0	0	25	0	22
OTU_350	3	0	0	6	0	4	0	2	2	1	6	0	0	9	25	0	0	2
OTU_217	14	0	2	1	2	0	13	1	0	21	7	3	3	72	15	1	1	32
OTU_214	1	0	0	0	0	0	0	0	0	0	0	0	0	0	0	0	0	135
OTU_108	16	6	1	1	0	1	1	1	171	5	0	81	904	0	0	17	220	31
OTU_216	7	1	0	0	0	0	0	0	46	0	0	4	0	0	0	150	1	15
OTU_99	45	429	0	1	0	0	0	0	1	63	0	159	404	0	0	418	453	3
OTU_249	21	5	0	2	3	0	7	1	5	33	0	0	10	40	15	8	0	13
OTU_362	3	0	1	0	5	0	8	2	0	4	2	0	5	1	7	2	3	1
OTU_486	2	3	0	0	0	0	0	0	1	0	0	22	0	0	0	2	0	0
OTU_460	3	0	0	1	1	0	4	9	4	2	1	5	17	0	3	8	2	15
OTU_155	18	2	0	0	2	0	1	0	1	49	0	33	94	0	0	17	1	412
OTU_205	37	4	7	4	35	6	30	0	15	9	0	5	6	17	0	1	39	22
OTU_210	4	3	0	40	1	4	0	0	3	13	0	31	182	13	0	12	2	41
OTU_244	3	7	8	0	2	0	39	1	14	62	1	8	27	0	3	23	0	73
OTU_9	17	8	9872	6561	17398	633	14024	10	7	310	9	6	87	3945	13	5	18	8
OTU_150	7	3	1	0	0	0	0	22	0	16	4	441	0	2	20	22	10	1
OTU_428	4	22	516	42	105	388	87	247	82	5	90	2	0	24	92	11	0	26
OTU_397	5	0	0	0	0	0	0	0	0	1	0	5	0	0	0	0	0	0
OTU_222	14	35	0	0	0	0	0	0	35	6	0	49	0	0	0	76	0	23
OTU_312	5	0	3	3	3	0	14	0	0	7	0	0	20	8	0	0	2	1
OTU_317	8	0	47	0	5	0	5	0	0	5	0	0	0	0	0	0	0	1
OTU_477	1	0	0	0	0	0	1	0	4	0	0	0	0	0	0	0	0	14
OTU_443	15	0	0	0	0	0	0	0	0	2	0	0	0	0	0	13	0	0
OTU_456	26	10	112	46	58	7	215	155	19	28	108	14	146	298	777	155	12	91
OTU_145	15	81	2	384	29	7	1	0	3	19	0	68	0	15	0	0	81	2
OTU_247	21	0	0	0	0	0	0	19	111	3	9	2	0	0	3	0	0	19
OTU_226	8	12	4	189	6	16	9	4	3	1	2	1	1	6	4	11	0	1
OTU_503	6	0	2	0	5	0	7	0	0	1	0	5	1	0	0	0	0	1
OTU_287	4	1	4	0	2	0	7	0	0	2	3	2	12	2	7	19	1	6
OTU_399	12	0	0	3	4	0	18	0	0	5	0	0	3	0	2	0	1	0
OTU_325	11	3	1	0	2	0	10	0	4	4	0	11	37	41	1	57	7	7
OTU_142	11	9	355	95	29	20	174	34	11	28	73	14	33	201	348	39	4	24
OTU_184	29	26	0	0	0	0	0	1	2	2	0	0	2	0	0	188	2	0
OTU_285	15	0	0	0	0	0	3	2	3	25	0	0	39	0	2	9	3	15
OTU_229	7	5	0	4	54	0	16	1	12	3	4	9	4	7	1	21	4	3
OTU_96	14	29	6	216	65	20	414	195	46	30	213	18	98	276	1761	76	7	451
OTU_215	3	7	0	0	0	0	1	0	0	188	0	8	16	8	0	30	11	3
OTU_286	1	2	0	3	4	0	14	6	10	23	1	0	48	1	4	2	3	12
OTU_280	7	8	15	0	4	0	9	15	0	1	10	0	0	0	37	16	0	15
OTU_120	3	0	27	0	21	4	298	0	29	1346	2	1	23	76	9	1	74	541
OTU_377	8	5	1	0	0	0	0	0	6	0	0	7	12	1	0	19	2	13
OTU_7	8	2	7	7303	4	15509	4	5453	3	2	31022	3	8	9956	6772	4	3	2
OTU_502	1	0	0	0	0	0	0	7	0	0	1	0	0	1	8	0	0	0
OTU_345	21	0	0	0	0	0	0	0	0	3	0	29	0	0	0	1	0	0
OTU_419	1	0	0	0	0	0	0	10	0	0	9	0	0	0	17	0	0	0
OTU_8	8	0	3	6	12	8	37	6	5	10	15	1	100775	31	33	5	9694	3
OTU_282	6	5	0	2	0	0	0	0	7	4	0	0	2	33	0	27	14	8
OTU_398	8	1	0	0	0	0	0	0	0	10	0	0	0	0	0	0	2	5
OTU_425	1	0	0	0	1	9	0	1	0	0	1	0	0	3	3	0	0	0
OTU_148	8	14	15	3	3	0	185	20	16	21	6	18	301	0	12	113	19	211
OTU_158	20	10	9	8	2	7	6	29	16	5	30	58	101	259	431	76	34	60
OTU_344	2	0	0	0	0	0	0	0	2	1	0	0	2	2	0	4	17	6
OTU_130	11	4	3	17	11	4	127	8	9	46	16	18	522	18	67	46	16	31
OTU_383	5	1	2	6	6	3	2	1	0	3	1	2	0	5	5	0	0	2
OTU_491	3	0	1	1	1	3	1	0	8	4	0	2	1	1	1	2	3	9
OTU_413	6	5	5	4	3	4	0	9	1	6	4	1	9	4	5	1	2	3
OTU_368	3	2	1	1	0	0	3	1	0	0	0	2	5	0	3	7	1	3
OTU_149	2	17	0	0	0	0	0	0	2	321	1	6	213	0	1	28	62	19
OTU_519	6	0	0	0	0	0	0	0	0	5	0	4	1	1	0	2	0	3
OTU_361	13	0	1	10	0	8	0	1	6	19	3	0	20	3	0	204	2	3
OTU_364	2	0	1	0	10	0	9	1	1	8	0	2	35	0	1	0	2	33
OTU_320	5	5	0	0	0	0	0	0	1	5	0	2	0	0	0	58	0	2
OTU_227	7	1	8	15	104	1	102	14	7	1	13	4	71	6	74	20	3	18
OTU_332	9	1	1	0	3	0	1	0	0	11	2	7	13	1	0	5	4	19
OTU_395	3	0	1	2	2	0	5	0	7	1	0	0	0	5	0	14	3	1
OTU_115	5	14	144	117	51	18	405	1	9	20	0	29	607	6	0	56	19	22
OTU_78	15	1	354	1	1799	0	417	0	4	19	0	13	81	0	0	1	51	1
OTU_116	23	2	14	1	92	0	174	5	14	121	4	23	645	15	50	79	26	115
OTU_258	15	4	0	0	0	0	0	0	0	0	0	4	0	0	0	57	0	22
OTU_256	38	1	0	0	0	0	0	0	7	4	0	17	11	25	0	24	21	21
OTU_308	18	0	4	0	0	0	0	22	1	1	2	11	0	0	15	0	1	3
OTU_384	3	0	0	0	0	0	0	0	2	0	1	0	0	4	8	0	0	3
OTU_263	8	4	0	0	5	0	3	2	1	0	0	3	103	0	0	4	5	11
OTU_329	3	0	3	0	10	1	38	2	0	1	2	2	0	0	8	10	0	4
OTU_195	8	0	0	0	0	0	0	0	10	4	0	7	386	0	0	0	0	18
OTU_30	1	753	2	2	0	1	0	1	0	12	0	4	17463	0	1	3623	92	1
OTU_122	15	47	8	18	8	0	88	25	17	10	18	5	293	11	55	1060	10	169
OTU_154	6	31	14	0	3	2	103	76	45	94	26	18	5	1	52	331	0	30
OTU_351	3	0	0	1	0	1	0	3	0	7	4	0	1	0	45	0	2	3
OTU_324	10	1	0	0	16	0	10	2	2	17	0	0	18	0	0	9	2	3
OTU_358	2	0	2	1	6	0	6	4	1	2	1	0	1	8	25	0	3	5
OTU_267	4	0	12	0	1	10	4	27	5	10	31	8	2	29	167	37	0	0
OTU_380	2	6	7	0	0	0	0	0	0	3	0	0	0	0	0	4	2	1
OTU_288	1	0	4	3	1	2	6	3	0	1	0	8	73	0	0	13	1	14
OTU_310	3	4	2	0	9	0	5	0	1	8	0	5	8	0	0	16	12	12
OTU_294	3	2	0	0	0	0	0	0	0	5	0	0	16	0	0	11	36	22
OTU_330	4	0	0	0	0	0	0	0	8	0	0	0	0	0	0	0	0	40
OTU_356	2	0	1	0	1	0	0	2	0	1	11	0	1	2	11	0	0	1
OTU_381	7	0	0	0	0	0	0	0	7	7	3	0	0	0	7	0	0	6
OTU_171	1	4	5	23	6	2	12	9	8	7	27	1	90	88	165	9	3	16
OTU_218	2	3	4	0	1	0	20	1	9	3	1	8	166	0	1	4	2	58
OTU_445	9	17	0	0	0	0	0	0	1	1	0	0	0	0	0	23	0	1
OTU_207	9	2	0	3	1	1	7	0	3	7	0	29	18	185	0	5	3	42
OTU_436	3	1	1	0	3	0	4	0	0	3	0	4	5	0	0	6	0	4
OTU_447	1	1	3	1	0	0	0	0	0	0	0	1	0	0	0	1	0	1
OTU_138	13	15	0	8	3	1	8	1	9	63	3	19	645	4	35	139	10	62
OTU_34	5	1	334	1	285	23	1844	399	1	4	4129	4	22	530	3279	41	0	3
OTU_13	1	2	1554	8155	383	2182	796	5196	3	3	5165	1	6	5	3377	0	1	1
OTU_161	1	0	0	0	0	0	0	46	0	0	42	0	0	374	138	0	0	0
OTU_284	8	3	0	0	0	0	0	1	6	1	4	1	39	0	8	9	0	65
OTU_213	8	3	20	0	0	0	0	9	0	11	75	1	8	78	138	3	1	1
OTU_323	4	10	33	0	14	14	15	15	8	2	32	1	0	10	13	20	26	21
OTU_209	2	0	65	3	0	45	0	14	4	0	18	0	1	64	50	7	0	1
OTU_204	1	1	8	14	11	1	51	15	1	4	10	1	109	10	45	2	4	4
OTU_201	7	4	0	0	0	0	0	0	10	13	0	10	1	0	0	121	1	174
OTU_14	1	3	862	5940	3319	167	6245	100	1	0	3084	0	4	750	8279	0	0	1
OTU_220	4	5	0	0	0	0	1	0	4	46	0	0	112	10	0	37	1	77
OTU_144	4	8	1	1	2	1	5	0	55	5	2	2	74	3	0	147	5	421
OTU_128	8	0	168	168	46	13	293	0	3	62	1	0	16	277	0	0	2	0
OTU_177	1	307	0	0	0	0	0	0	0	0	3	1	0	0	3	0	0	1
OTU_296	3	1	1	2	6	0	5	20	2	43	20	1	43	2	87	2	5	1
OTU_309	1	0	10	0	8	0	11	0	0	0	2	8	0	0	52	0	0	0
OTU_186	2	2	2	12	11	2	89	5	7	8	4	9	16	24	18	40	3	28
OTU_462	1	0	0	0	0	0	0	0	0	2	0	0	0	0	0	0	0	0
OTU_440	4	0	0	0	0	0	0	0	0	0	0	0	0	0	0	0	0	0
OTU_118	1	0	0	0	0	0	0	0	333	111	0	0	2	0	0	10	0	764
OTU_60	1	2	2	0	0	4	0	0	888	1	2	0	52	0	3	5	4	4084
OTU_328	9	0	1	0	0	0	1	0	0	26	1	0	10	0	0	0	2	7
OTU_388	3	0	0	0	1	0	0	0	0	13	0	0	0	0	0	0	12	0
OTU_251	2	11	0	0	0	0	0	0	10	14	0	8	138	0	0	76	17	22
OTU_450	1	0	0	0	0	0	3	0	0	0	0	0	0	0	0	0	0	0
OTU_301	3	0	0	0	0	0	0	0	0	4	0	0	0	0	0	0	55	0
OTU_162	1	0	4	0	20	20	20	1	0	12	130	0	3	55	578	5	0	19
OTU_199	1	0	99	1	2	246	11	20	3	0	5	0	0	25	8	1	0	2
OTU_366	1	0	0	0	0	0	0	3	1	0	4	0	0	5	19	0	0	2
OTU_306	1	0	1	0	0	0	0	0	0	1	0	93	23	0	0	0	15	2
OTU_133	1	0	13	91	51	6	320	56	11	32	65	5	2	94	300	13	2	61
OTU_196	6	0	18	0	7	1	7	45	40	207	41	0	0	295	133	0	1	125
OTU_407	3	0	0	0	0	0	0	0	2	0	0	0	0	0	0	0	0	1
OTU_355	2	0	0	0	0	0	0	0	0	10	0	4	24	1	0	0	42	5
OTU_181	1	2	48	13	17	4	35	28	0	0	28	5	0	165	103	1	0	0
OTU_23	4	4012	1	2	3	0	4	0	2	2773	0	3966	486	2	0	2294	7290	3
OTU_453	1	0	0	1	1	0	9	1	0	3	0	4	12	4	4	9	3	1
OTU_225	2	0	0	0	0	0	0	0	29	0	0	7	98	11	0	5	5	150
OTU_289	4	7	4	12	6	3	33	4	9	7	8	4	22	15	27	8	6	39
OTU_28	1	4	1	11	29	9	87	7	2	12892	15	2	744	45	62	0	89	24
OTU_132	1	0	0	0	0	0	0	81	0	0	453	0	1	0	622	0	0	0
OTU_466	2	0	0	0	0	0	1	0	11	0	0	0	0	0	0	0	0	0
OTU_403	3	0	2	1	0	0	0	9	1	2	0	0	0	3	2	2	0	1
OTU_448	1	4	0	0	0	0	0	0	0	0	0	3	0	0	0	1	1	1
OTU_234	1	24	52	6	0	1	8	14	6	134	5	15	111	26	28	167	1	16
OTU_233	1	0	31	0	0	0	0	0	18	2	0	351	2	0	0	0	0	76
OTU_527	2	6	0	0	0	0	0	0	0	0	0	11	0	0	0	0	0	2
OTU_435	2	0	0	0	3	0	2	0	0	3	0	0	2	0	0	0	0	14
OTU_515	1	5	68	9	21	132	29	50	5	0	12	3	0	7	9	1	0	0
OTU_468	2	0	4	0	0	0	8	0	0	1	3	0	0	5	0	5	0	1
OTU_236	1	51	3	0	7	0	14	0	40	127	2	13	0	1	12	36	0	99
OTU_480	2	0	0	0	0	0	0	0	0	2	0	0	0	0	7	0	0	2
OTU_523	1	0	0	0	0	0	0	0	0	1	0	0	0	0	0	0	4	3
OTU_389	2	0	78	37	41	3	192	6	7	5	18	4	20	178	136	31	1	31
OTU_433	1	0	0	0	0	0	0	0	0	0	1	0	0	11	3	0	0	1
OTU_163	1	1	1	3	0	0	20	3	3	358	2	2	23	1	12	9	11	2
OTU_422	1	0	0	0	0	0	0	0	0	3	0	0	10124	0	0	0	1143	0
OTU_531	1	0	0	0	2	0	0	0	0	0	0	0	1	0	0	0	2	0
OTU_446	2	0	0	0	0	0	0	0	0	0	0	0	0	0	0	0	0	0
OTU_520	1	0	0	0	0	0	0	0	0	0	0	0	1	5	0	0	0	5
OTU_339	2	1	3	15	2	36	13	33	5	1	5	4	2	15	8	11	3	13
OTU_235	1	0	0	0	0	0	0	27	0	0	137	0	0	0	71	0	0	0
OTU_46	0	1731	336	54	241	97	678	170	1	616	262	77	121	111	176	413	3259	0
OTU_110	0	52	0	0	0	0	2	0	1	28	0	80	7	1	0	614	421	0
OTU_71	0	1995	0	32	66	806	51	1106	0	2	270	0	0	59	84	63	2	1
OTU_106	0	230	0	0	0	1	1	1	0	0	0	34	0	0	0	1073	0	0
OTU_59	0	935	0	1	0	0	0	1	556	2	0	3054	6	1	1	421	22	146
OTU_52	0	579	98	1107	26	219	8	4479	1	17	461	0	2	33	636	10	0	23
OTU_188	0	181	0	0	0	0	0	0	0	0	0	111	0	0	0	9	0	0
OTU_139	0	334	0	0	0	0	0	0	0	214	0	2	0	0	0	177	2	0
OTU_68	0	146	0	0	0	0	0	0	0	1	1	0	3746	0	0	692	19	0
OTU_293	0	44	0	0	0	0	0	0	0	8	0	44	6	0	0	20	25	0
OTU_105	0	59	0	0	0	0	0	0	0	0	0	1	0	0	0	1201	0	0
OTU_260	0	21	0	0	0	0	0	0	0	0	0	0	0	0	0	191	0	1
OTU_271	0	28	0	0	0	0	0	0	0	6	0	12	2	0	0	9	17	0
OTU_354	0	5	2	0	15	0	4	0	5	1	0	0	3	0	0	0	0	6
OTU_429	0	6	0	0	0	0	0	0	0	0	0	0	0	0	0	7	0	0
OTU_347	0	7	0	0	0	0	0	0	0	0	1	53	0	63	9	0	1	0
OTU_336	0	7	0	0	0	0	0	0	0	0	0	8	0	1	0	44	0	27
OTU_303	0	20	0	0	0	0	0	0	1	0	0	0	0	0	0	69	0	49
OTU_471	0	3	0	0	0	0	0	0	0	0	0	0	25	0	0	4	1	0
OTU_483	0	14	3	8	4	2	26	17	2	1	8	2	0	6	45	338	1	26
OTU_470	0	13	0	0	0	0	0	0	0	0	0	0	41	0	0	26	3	0
OTU_57	0	5	2576	391	242	71	1900	60	5	25	18	8	24	1014	54	38	4	16
OTU_427	0	2	0	0	0	0	0	0	0	6	0	0	0	1	0	12	1	0
OTU_316	0	3	0	0	0	0	0	0	0	38	0	0	0	0	0	0	0	25
OTU_167	0	6	0	1	0	0	2	1	15	256	0	35	0	0	1	3	10	63
OTU_160	0	3	0	8	0	0	0	0	0	1	0	3	5	293	0	110	0	0
OTU_279	0	4	0	0	0	0	0	0	2	30	1	0	31	1	0	11	2	14
OTU_140	0	5	10	36	0	849	1	1	0	0	0	0	0	8	1	1	1	0
OTU_250	0	2	0	0	0	0	0	0	3	0	0	0	67	0	0	1	0	0
OTU_526	0	2	0	0	0	0	2	3	1	0	0	1	7	5	5	7	0	0
OTU_262	0	2	0	0	0	0	0	117	0	1	0	0	0	14	4	0	0	0
OTU_493	0	2	0	15	0	2	0	12	1	0	1	0	0	0	2	0	1	0
OTU_333	0	5	0	0	0	0	0	1	0	0	5	0	0	0	18	40	0	0
OTU_212	0	2	4	18	88	5	17	0	0	13	0	6	7	41	0	9	3	0
OTU_467	0	1	0	0	0	0	0	0	0	13	0	0	39	0	0	0	0	0
OTU_430	0	6	0	0	0	0	0	0	0	35	0	0	1	0	0	60	2	11
OTU_415	0	1	3	0	0	0	0	0	0	0	135	40	0	14	98	0	1	0
OTU_536	0	1	0	0	0	0	0	0	0	0	0	0	0	0	0	3	0	0
OTU_371	0	1	1	0	0	0	0	1	0	3	0	14	1	4	0	9	1	6
OTU_465	0	1	0	0	0	0	0	13	0	0	0	0	0	0	1	0	0	0
OTU_54	0	1	505	1	1082	1	2686	238	0	1	44	0	0	520	424	1	1	0
OTU_314	0	1	0	0	0	0	0	3	0	0	1	0	0	8	6	0	0	0
OTU_386	0	1	4	8	0	8	0	135	0	0	6	0	0	0	12	0	0	0
OTU_534	0	1	22	0	0	0	0	0	0	0	0	1	0	0	0	0	0	0
OTU_221	0	2	10	2	12	32	56	86	0	0	21	0	0	79	33	2	0	0
OTU_434	0	1	2	2	0	1	1	0	0	1	2	1	0	12	1	0	0	1
OTU_87	0	1	665	24	55	14	401	415	0	159	332	0	130	81	1368	0	12	0
OTU_175	0	1	0	14	117	10	180	90	2	2	11	3	34	54	82	13	3	6
OTU_500	0	1	0	0	0	0	0	0	0	0	0	2	0	0	0	0	0	0
OTU_187	0	1	33	33	2	9	134	2	0	75	54	0	1	504	471	0	0	0
OTU_202	0	0	84	2	35	0	125	1	0	415	2	0	167	7	1	0	28	0
OTU_165	0	0	32	289	220	54	96	1	0	0	4	0	0	7	0	0	0	0
OTU_170	0	0	416	1	35	1	4	3	0	3	0	48	3	1	2	0	2	2
OTU_505	0	0	73	14	39	5	80	0	0	1	0	0	3	20	0	0	0	0
OTU_192	0	0	57	1	1	0	101	0	0	6	0	0	309	0	0	1	119	1
OTU_394	0	0	2	0	4	0	5	0	0	9	2	3	0	37	20	0	1	31
OTU_372	0	0	16	1	0	4	2	2	0	0	2	0	0	14	0	0	0	0
OTU_242	0	0	31	2	0	3	0	0	12	80	0	0	255	28	0	0	0	0
OTU_518	0	0	3	0	0	0	1	0	2	1	0	0	0	0	0	0	0	18
OTU_168	0	0	67	0	0	0	0	5	0	0	142	0	0	0	349	0	0	0
OTU_410	0	0	2	0	0	0	0	1	0	1	0	0	0	1	7	0	0	0
OTU_482	0	0	16	0	3	0	3	0	0	0	0	0	0	0	0	0	0	0
OTU_461	0	0	7	0	0	0	0	0	0	9	0	0	0	0	0	7	0	0
OTU_504	0	0	3	1	0	2	1	4	0	0	3	2	0	7	5	0	2	0
OTU_298	0	0	1	39	3	28	3	15	2	3	4	0	0	15	13	0	0	0
OTU_326	0	0	6	1	0	1	9	12	6	25	2	16	42	13	22	0	4	22
OTU_369	0	0	1	0	0	0	1	0	0	21	3	1	0	0	10	0	1	0
OTU_151	0	0	26	0	453	0	43	0	0	41	0	2	7	0	0	1	3	0
OTU_495	0	0	5	0	3	27	10	49	0	0	1	0	0	0	15	0	0	0
OTU_340	0	0	17	5	3	0	40	7	1	0	4	2	2	10	14	7	0	22
OTU_173	0	0	13	8	181	7	36	0	0	29	0	20	5	119	0	0	22	0
OTU_382	0	0	3	11	4	2	16	1	8	1	1	1	4	21	1	0	6	11
OTU_444	0	0	1	0	10	0	15	1	0	0	2	0	11	0	3	1	1	0
OTU_180	0	0	7	222	6	53	63	4	12	1	1	3	1	59	6	7	0	19
OTU_528	0	0	3	0	0	0	1	0	0	0	1	0	2	1	4	0	1	0
OTU_211	0	0	2	11	5	0	58	9	0	1	31	0	0	3	139	0	0	0
OTU_305	0	0	3	0	60	1	29	0	0	0	0	0	0	2	0	0	0	0
OTU_103	0	0	1	124	143	81	1490	1	0	1	0	0	3	6	1	0	1	0
OTU_438	0	0	1	15	0	7	0	1	0	0	13	0	0	0	2	0	0	0
OTU_191	0	0	1	1	0	0	0	90	0	0	166	0	2	49	279	0	0	0
OTU_396	0	0	1	0	11	1	4	0	1	0	6	0	1	0	0	0	0	1
OTU_516	0	0	2	0	4	0	1	0	1	0	0	0	0	0	0	0	0	0
OTU_129	0	0	2	2	686	17	42	1	1	0	9	13	0	218	6	0	0	0
OTU_411	0	0	2	0	0	0	1	0	0	7	0	4	33	0	1	1	0	20
OTU_385	0	0	1	0	0	0	0	0	0	0	28	0	0	0	48	0	1	0
OTU_283	0	0	1	0	31	2	28	0	0	0	0	0	0	47	0	0	0	0
OTU_497	0	0	0	19	0	13	0	14	0	0	16	4	0	2	1	0	0	0
OTU_183	0	0	0	555	0	12	0	0	0	0	0	0	0	208	0	0	0	0
OTU_514	0	0	0	5	0	1	0	0	0	0	4	0	0	1	8	0	0	0
OTU_315	0	0	0	4	0	18	1	12	1	0	15	0	0	20	38	0	0	0
OTU_507	0	0	0	9	0	0	0	0	1	0	0	0	0	0	0	0	0	0
OTU_363	0	0	0	72	0	261	0	179	0	0	338	0	0	99	184	0	0	0
OTU_246	0	0	0	23	14	7	24	13	0	0	12	0	0	60	36	0	0	0
OTU_439	0	0	0	6	0	2	0	1	0	0	0	0	0	0	0	0	0	0
OTU_231	0	0	0	15	27	12	173	1	0	0	2	0	0	6	0	0	0	0
OTU_488	0	0	0	19	0	33	0	11	0	0	126	0	0	31	22	0	0	0
OTU_274	0	0	0	11	15	0	22	18	0	0	6	0	0	10	22	0	0	0
OTU_529	0	0	0	2	0	0	0	4	0	0	3	0	0	0	10	4	0	1
OTU_338	0	0	0	14	0	0	0	4	0	0	2	0	1	17	18	0	0	0
OTU_240	0	0	0	13	0	5	2	29	0	0	58	0	2	27	137	0	0	0
OTU_321	0	0	0	7	0	0	0	10	0	0	1	0	0	23	12	0	0	0
OTU_532	0	0	0	5	0	1	0	0	0	0	0	0	0	3	0	0	0	0
OTU_431	0	0	0	3	0	0	0	1	0	1	0	0	0	21	0	0	0	0
OTU_291	0	0	0	2	0	15	0	2	0	4	8	16	0	31	20	0	1	0
OTU_190	0	0	0	5	11	2	234	4	0	1	35	0	0	5	58	0	0	0
OTU_275	0	0	0	1	8	0	37	7	0	0	3	0	0	13	63	0	0	1
OTU_401	0	0	0	1	2	1	4	2	1	0	4	0	2	2	4	0	0	1
OTU_513	0	0	0	4	0	2	0	0	0	0	1	0	0	5	9	0	0	0
OTU_406	0	0	0	3	0	1	0	0	0	0	3	1	0	0	0	0	0	0
OTU_266	0	0	0	1	0	3	0	83	0	0	17	0	0	11	101	0	0	0
OTU_474	0	0	0	0	338	0	318	0	0	0	1	0	1	0	0	0	1	0
OTU_501	0	0	0	0	16	0	5	0	0	0	0	1	0	4	5	0	0	0
OTU_469	0	0	0	0	9	0	32	0	0	0	0	0	1	0	0	0	0	0
OTU_479	0	0	0	0	2	0	2	0	3	0	0	0	0	0	0	0	0	0
OTU_524	0	0	0	0	1	0	0	1	0	1	0	0	7	0	0	3	0	1
OTU_476	0	0	0	0	3	0	10	0	0	0	0	0	0	0	0	0	0	0
OTU_322	0	0	0	0	5	0	1	10	0	0	10	1	0	19	21	0	0	0
OTU_512	0	0	0	0	2	0	1	1	0	0	2	0	8	0	0	0	0	1
OTU_370	0	0	0	0	1	0	0	0	1	0	0	51	0	31	0	0	0	3
OTU_426	0	0	0	0	1	0	3	0	0	0	0	0	0	0	8	0	0	0
OTU_496	0	0	0	0	2	0	0	0	0	0	0	0	0	0	0	0	0	0
OTU_374	0	0	0	0	0	1	1	1	0	2	0	0	1	2	1	4	0	1
OTU_319	0	0	0	0	0	1	0	3	1	0	3	0	1	5	6	0	1	0
OTU_119	0	0	0	0	0	1	2	0	0	0	107	0	1	1710	189	0	0	0
OTU_475	0	0	0	0	0	0	1	1	0	5	0	0	2	0	2	0	1	0
OTU_206	0	0	0	0	0	0	1	0	0	91	0	0	9	0	1	0	176	0
OTU_230	0	0	0	0	0	0	1	0	0	2	0	0	1	1	6	210	1	1
OTU_125	0	0	0	0	0	0	0	97	0	0	357	0	0	0	1407	0	0	0
OTU_277	0	0	0	0	0	0	0	8	0	0	7	0	0	0	118	0	0	0
OTU_281	0	0	0	0	0	0	0	55	0	0	0	0	2	129	14	0	0	0
OTU_405	0	0	0	0	0	0	0	16	0	85	35	0	0	0	115	0	0	0
OTU_409	0	0	0	0	0	0	0	17	0	0	4	0	0	0	23	0	0	0
OTU_492	0	0	0	0	0	0	0	27	0	0	16	0	0	0	22	0	0	0
OTU_297	0	0	0	0	0	0	0	7	0	0	46	0	0	0	76	0	0	0
OTU_494	0	0	0	0	0	0	0	10	0	0	0	0	0	0	0	0	0	0
OTU_346	0	0	0	0	0	0	0	11	0	0	10	0	0	0	24	0	0	0
OTU_169	0	0	0	0	0	0	0	3	0	0	95	0	0	0	465	0	0	0
OTU_253	0	0	0	0	0	0	0	2	0	0	74	0	0	0	52	0	0	0
OTU_463	0	0	0	0	0	0	0	2	0	0	0	0	0	0	0	0	0	0
OTU_404	0	0	0	0	0	0	0	0	18	3	0	53	148	1	0	26	41	2
OTU_349	0	0	0	0	0	0	0	0	2	9	0	2	17	0	0	4	3	9
OTU_499	0	0	0	0	0	0	0	0	2	0	0	0	0	0	0	0	0	0
OTU_498	0	0	0	0	0	0	0	0	2	0	0	0	0	0	0	0	0	0
OTU_423	0	0	0	0	0	0	0	0	1	0	1	0	0	0	3	17	0	0
OTU_454	0	0	0	0	0	0	0	0	1	6	0	1	70	0	5	2	2	7
OTU_252	0	0	0	0	0	0	0	0	0	154	0	0	0	0	0	0	12	0
OTU_342	0	0	0	0	0	0	0	0	0	19	0	0	4	0	0	0	47	0
OTU_392	0	0	0	0	0	0	0	0	0	20	0	0	18	0	0	2	4	0
OTU_472	0	0	0	0	0	0	0	0	0	8	0	0	0	0	0	0	4	0
OTU_490	0	0	0	0	0	0	0	0	0	6	0	0	0	0	1	0	0	0
OTU_473	0	0	0	0	0	0	0	0	0	2	0	2	1	0	0	0	4	0
OTU_304	0	0	0	0	0	0	0	0	0	3	0	1	61	1	1	0	1	0
OTU_367	0	0	0	0	0	0	0	0	0	1	0	66	0	0	0	1	0	0
OTU_481	0	0	0	0	0	0	0	0	0	3	0	0	0	7	0	0	1	0
OTU_393	0	0	0	0	0	0	0	0	0	3	0	0	1	0	7	7	0	0
OTU_457	0	0	0	0	0	0	0	0	0	1	0	0	2	0	0	0	0	0
OTU_421	0	0	0	0	0	0	0	0	0	1	0	0	0	0	0	4	0	4
OTU_378	0	0	0	0	0	0	0	0	0	1	0	23	0	0	1	0	0	16
OTU_278	0	0	0	0	0	0	0	0	0	2	3	2	21	22	21	18	0	0
OTU_164	0	0	0	0	0	0	0	0	0	0	268	0	0	19	483	0	0	0
OTU_375	0	0	0	0	0	0	0	0	0	0	5	0	0	0	26	0	0	0
OTU_484	0	0	0	0	0	0	0	0	0	0	9	0	0	0	21	0	0	0
OTU_387	0	0	0	0	0	0	0	0	0	0	8	0	0	0	11	0	0	0
OTU_365	0	0	0	0	0	0	0	0	0	0	7	0	0	0	39	0	0	0
OTU_418	0	0	0	0	0	0	0	0	0	0	3	0	0	0	7	0	0	0
OTU_414	0	0	0	0	0	0	0	0	0	0	2	0	0	0	2	0	0	0
OTU_299	0	0	0	0	0	0	0	0	0	0	0	69	0	0	0	0	0	0
OTU_509	0	0	0	0	0	0	0	0	0	0	0	1	4	1	0	0	1	0
OTU_166	0	0	0	0	0	0	0	0	0	0	0	0	485	0	0	0	254	0
OTU_508	0	0	0	0	0	0	0	0	0	0	0	0	146	0	0	0	14	0
OTU_517	0	0	0	0	0	0	0	0	0	0	0	0	4	0	0	0	5	0
OTU_452	0	0	0	0	0	0	0	0	0	0	0	0	3	0	0	0	0	0
OTU_506	0	0	0	0	0	0	0	0	0	0	0	0	2	0	0	0	0	0
OTU_530	0	0	0	0	0	0	0	0	0	0	0	0	0	10	0	0	0	0
OTU_432	0	0	0	0	0	0	0	0	0	0	0	0	0	2	0	0	0	0
OTU_420	0	0	0	0	0	0	0	0	0	0	0	0	0	0	2	0	0	0
OTU_525	0	0	0	0	0	0	0	0	0	0	0	0	0	0	0	16	0	0
OTU_533	0	0	0	0	0	0	0	0	0	0	0	0	0	0	0	3	0	0
OTU_535	0	0	0	0	0	0	0	0	0	0	0	0	0	0	0	2	0	0
OTU_521	0	0	0	0	0	0	0	0	0	0	0	0	0	0	0	0	0	3
